# ASCII Text Object file created from the model AniCube.obj
# 2015-10-7 | 22:28:57
# Made by Alberto Bobadilla (labigm@rit.edu)
Version: 1.0

Materials: 1
	lambert2SG
		Diffuse: 1 0 0
		DiffuseMap: NULL
		NormalMap: NULL
		SpecularMap: NULL

Frames: 121

Groups: 1
	#Name -> Parent
	#HP Visible Collidable pivotX pivotY pivotZ ShapeCount
		#Name MaterialName VertexCount
		#(Vertex, UV, Color, Normal, Tangent, Binormal)
	#KeyFrames: #
		#N, V, Tx, Ty, Tz, Rx, Ry, Rz, Sx, Sy, Sz
	pCube1 -> NULL  //G:0
	1 1 1 0 0 0 1
		lambert2SG 36
		-0.5 -0.5 0.5 0.375 0 1 0 0 0 0 1 0.7071 0.7071 0 -0.7071 0.7071 0
		0.5 0.5 0.5 0.625 0.25 1 0 0 0 0 1 0.7071 0.7071 0 -0.7071 0.7071 0
		-0.5 0.5 0.5 0.375 0.25 1 0 0 0 0 1 0.7071 0.7071 0 -0.7071 0.7071 0
		-0.5 -0.5 0.5 0.375 0 1 0 0 0 0 1 1 0 0 0 1 0
		0.5 -0.5 0.5 0.625 0 1 0 0 0 0 1 1 0 0 0 1 0
		0.5 0.5 0.5 0.625 0.25 1 0 0 0 0 1 1 0 0 0 1 0
		-0.5 0.5 0.5 0.375 0.25 1 0 0 0 1 0 0.7071 0 -0.7071 -0.7071 0 -0.7071
		0.5 0.5 -0.5 0.625 0.5 1 0 0 0 1 0 0.7071 0 -0.7071 -0.7071 0 -0.7071
		-0.5 0.5 -0.5 0.375 0.5 1 0 0 0 1 0 0.7071 0 -0.7071 -0.7071 0 -0.7071
		-0.5 0.5 0.5 0.375 0.25 1 0 0 0 1 0 1 0 0 0 0 -1
		0.5 0.5 0.5 0.625 0.25 1 0 0 0 1 0 1 0 0 0 0 -1
		0.5 0.5 -0.5 0.625 0.5 1 0 0 0 1 0 1 0 0 0 0 -1
		-0.5 0.5 -0.5 0.375 0.5 1 0 0 0 0 -1 0.7071 -0.7071 0 -0.7071 -0.7071 0
		0.5 -0.5 -0.5 0.625 0.75 1 0 0 0 0 -1 0.7071 -0.7071 0 -0.7071 -0.7071 0
		-0.5 -0.5 -0.5 0.375 0.75 1 0 0 0 0 -1 0.7071 -0.7071 0 -0.7071 -0.7071 0
		-0.5 0.5 -0.5 0.375 0.5 1 0 0 0 0 -1 1 0 0 0 -1 0
		0.5 0.5 -0.5 0.625 0.5 1 0 0 0 0 -1 1 0 0 0 -1 0
		0.5 -0.5 -0.5 0.625 0.75 1 0 0 0 0 -1 1 0 0 0 -1 0
		-0.5 -0.5 -0.5 0.375 0.75 1 0 0 0 -1 0 0.7071 0 0.7071 -0.7071 0 0.7071
		0.5 -0.5 0.5 0.625 1 1 0 0 0 -1 0 0.7071 0 0.7071 -0.7071 0 0.7071
		-0.5 -0.5 0.5 0.375 1 1 0 0 0 -1 0 0.7071 0 0.7071 -0.7071 0 0.7071
		-0.5 -0.5 -0.5 0.375 0.75 1 0 0 0 -1 0 1 0 0 0 0 1
		0.5 -0.5 -0.5 0.625 0.75 1 0 0 0 -1 0 1 0 0 0 0 1
		0.5 -0.5 0.5 0.625 1 1 0 0 0 -1 0 1 0 0 0 0 1
		0.5 -0.5 0.5 0.625 0 1 0 0 1 0 0 0 0.7071 -0.7071 0 0.7071 0.7071
		0.5 0.5 -0.5 0.875 0.25 1 0 0 1 0 0 0 0.7071 -0.7071 0 0.7071 0.7071
		0.5 0.5 0.5 0.625 0.25 1 0 0 1 0 0 0 0.7071 -0.7071 0 0.7071 0.7071
		0.5 -0.5 0.5 0.625 0 1 0 0 1 0 0 0 0 -1 0 1 0
		0.5 -0.5 -0.5 0.875 0 1 0 0 1 0 0 0 0 -1 0 1 0
		0.5 0.5 -0.5 0.875 0.25 1 0 0 1 0 0 0 0 -1 0 1 0
		-0.5 -0.5 -0.5 0.125 0 1 0 0 -1 0 0 0 0.7071 0.7071 0 0.7071 -0.7071
		-0.5 0.5 0.5 0.375 0.25 1 0 0 -1 0 0 0 0.7071 0.7071 0 0.7071 -0.7071
		-0.5 0.5 -0.5 0.125 0.25 1 0 0 -1 0 0 0 0.7071 0.7071 0 0.7071 -0.7071
		-0.5 -0.5 -0.5 0.125 0 1 0 0 -1 0 0 0 0 1 0 1 0
		-0.5 -0.5 0.5 0.375 0 1 0 0 -1 0 0 0 0 1 0 1 0
		-0.5 0.5 0.5 0.375 0.25 1 0 0 -1 0 0 0 0 1 0 1 0
	KeyFrames: 3
		1 1 0 0 0 0 0 0 1 1 1
		60 1 0 1.481 0 0 0 0 1 1 1
		120 1 0 3 0 0 0 0 1 1 1


Sequences: 1
 #Name ( FirstFrame | LastFrame | FrameRate )
	Default ( 0 | 121 | 30 ) //0

States: 1
	# Name ( SequenceName | Breakable | Transitional | Loop ) // Index
	Default ( Default | 0 | 0 | 1 ) //0

	Exits:
		# Ex: CurrentState -> NextState
