# ASCII Text Object file created from the model MC_Creeper.obj
# 2015-10-7 | 22:30:17
# Made by Alberto Bobadilla (labigm@rit.edu)
Version: 1.0

Materials: 1
	MC_Creeper_SG
		Diffuse: 0 0 0
		DiffuseMap: DefCreeper1024.png
		NormalMap: NULL
		SpecularMap: NULL

Frames: 1

Groups: 6
	#Name -> Parent
	#HP Visible Collidable pivotX pivotY pivotZ ShapeCount
		#Name MaterialName VertexCount
		#(Vertex, UV, Color, Normal, Tangent, Binormal)
	#KeyFrames: #
		#N, V, Tx, Ty, Tz, Rx, Ry, Rz, Sx, Sy, Sz
	mc_creeper -> NULL  //G:0
	1 1 1 0 0 0 1
		MC_Creeper_SG 36
		-0.2499 1.125 0.2499 0.126 0.502 0 0 0 0 0 1 0.7071 0.7071 0 -0.7071 0.7071 0
		0.2499 1.625 0.2499 0.249 0.749 0 0 0 0 0 1 0.7071 0.7071 0 -0.7071 0.7071 0
		-0.2499 1.625 0.2499 0.126 0.749 0 0 0 0 0 1 0.7071 0.7071 0 -0.7071 0.7071 0
		-0.2499 1.125 0.2499 0.126 0.502 0 0 0 0 0 1 1 0 0 0 1 0
		0.2499 1.125 0.2499 0.249 0.502 0 0 0 0 0 1 1 0 0 0 1 0
		0.2499 1.625 0.2499 0.249 0.749 0 0 0 0 0 1 1 0 0 0 1 0
		-0.2499 1.625 0.2499 0.126 0.749 0 0 0 0 1 0 0.7071 0 -0.7071 -0.7071 0 -0.7071
		0.2499 1.625 -0.2499 0.249 0.999 0 0 0 0 1 0 0.7071 0 -0.7071 -0.7071 0 -0.7071
		-0.2499 1.625 -0.2499 0.126 0.999 0 0 0 0 1 0 0.7071 0 -0.7071 -0.7071 0 -0.7071
		-0.2499 1.625 0.2499 0.126 0.749 0 0 0 0 1 0 1 0 0 0 0 -1
		0.2499 1.625 0.2499 0.249 0.749 0 0 0 0 1 0 1 0 0 0 0 -1
		0.2499 1.625 -0.2499 0.249 0.999 0 0 0 0 1 0 1 0 0 0 0 -1
		-0.2499 1.625 -0.2499 0.5 0.749 0 0 0 0 0 -1 0.7071 -0.7071 0 -0.7071 -0.7071 0
		0.2499 1.125 -0.2499 0.375 0.502 0 0 0 0 0 -1 0.7071 -0.7071 0 -0.7071 -0.7071 0
		-0.2499 1.125 -0.2499 0.5 0.502 0 0 0 0 0 -1 0.7071 -0.7071 0 -0.7071 -0.7071 0
		-0.2499 1.625 -0.2499 0.5 0.749 0 0 0 0 0 -1 1 0 0 0 -1 0
		0.2499 1.625 -0.2499 0.375 0.749 0 0 0 0 0 -1 1 0 0 0 -1 0
		0.2499 1.125 -0.2499 0.375 0.502 0 0 0 0 0 -1 1 0 0 0 -1 0
		-0.2499 1.125 -0.2499 0.249 0.997 0 0 0 0 -1 0 0.7071 0 0.7071 -0.7071 0 0.7071
		0.2499 1.125 0.2499 0.375 0.749 0 0 0 0 -1 0 0.7071 0 0.7071 -0.7071 0 0.7071
		-0.2499 1.125 0.2499 0.375 0.997 0 0 0 0 -1 0 0.7071 0 0.7071 -0.7071 0 0.7071
		-0.2499 1.125 -0.2499 0.249 0.997 0 0 0 0 -1 0 1 0 0 0 0 1
		0.2499 1.125 -0.2499 0.249 0.749 0 0 0 0 -1 0 1 0 0 0 0 1
		0.2499 1.125 0.2499 0.375 0.749 0 0 0 0 -1 0 1 0 0 0 0 1
		0.2499 1.125 0.2499 0.249 0.502 0 0 0 1 0 0 0 0.7071 -0.7071 0 0.7071 0.7071
		0.2499 1.625 -0.2499 0.375 0.749 0 0 0 1 0 0 0 0.7071 -0.7071 0 0.7071 0.7071
		0.2499 1.625 0.2499 0.249 0.749 0 0 0 1 0 0 0 0.7071 -0.7071 0 0.7071 0.7071
		0.2499 1.125 0.2499 0.249 0.502 0 0 0 1 0 0 0 0 -1 0 1 0
		0.2499 1.125 -0.2499 0.375 0.502 0 0 0 1 0 0 0 0 -1 0 1 0
		0.2499 1.625 -0.2499 0.375 0.749 0 0 0 1 0 0 0 0 -1 0 1 0
		-0.2499 1.125 -0.2499 0.000249 0.502 0 0 0 -1 0 0 0 0.7071 0.7071 0 0.7071 -0.7071
		-0.2499 1.625 0.2499 0.126 0.749 0 0 0 -1 0 0 0 0.7071 0.7071 0 0.7071 -0.7071
		-0.2499 1.625 -0.2499 0.000249 0.749 0 0 0 -1 0 0 0 0.7071 0.7071 0 0.7071 -0.7071
		-0.2499 1.125 -0.2499 0.000249 0.502 0 0 0 -1 0 0 0 0 1 0 1 0
		-0.2499 1.125 0.2499 0.126 0.502 0 0 0 -1 0 0 0 0 1 0 1 0
		-0.2499 1.625 0.2499 0.126 0.749 0 0 0 -1 0 0 0 0 1 0 1 0
	KeyFrames: 0

	mc_creeper_body -> NULL  //G:1
	1 1 1 0 0 0 1
		MC_Creeper_SG 36
		-0.2499 0.3749 0.125 0.312 0.000987 0 0 0 0 0 1 0.5546 0.8321 0 -0.8321 0.5546 0
		0.2499 1.125 0.125 0.438 0.374 0 0 0 0 0 1 0.5546 0.8321 0 -0.8321 0.5546 0
		-0.2499 1.125 0.125 0.312 0.374 0 0 0 0 0 1 0.5546 0.8321 0 -0.8321 0.5546 0
		-0.2499 0.3749 0.125 0.312 0.000987 0 0 0 0 0 1 1 0 0 0 1 0
		0.2499 0.3749 0.125 0.438 0.000987 0 0 0 0 0 1 1 0 0 0 1 0
		0.2499 1.125 0.125 0.438 0.374 0 0 0 0 0 1 1 0 0 0 1 0
		-0.2499 1.125 0.125 0.312 0.374 0 0 0 0 1 0 0.8944 0 -0.4473 -0.4473 0 -0.8944
		0.2499 1.125 -0.125 0.438 0.501 0 0 0 0 1 0 0.8944 0 -0.4473 -0.4473 0 -0.8944
		-0.2499 1.125 -0.125 0.312 0.501 0 0 0 0 1 0 0.8944 0 -0.4473 -0.4473 0 -0.8944
		-0.2499 1.125 0.125 0.312 0.374 0 0 0 0 1 0 1 0 0 0 0 -1
		0.2499 1.125 0.125 0.438 0.374 0 0 0 0 1 0 1 0 0 0 0 -1
		0.2499 1.125 -0.125 0.438 0.501 0 0 0 0 1 0 1 0 0 0 0 -1
		-0.2499 1.125 -0.125 0.624 0.374 0 0 0 0 0 -1 0.5546 -0.8321 0 -0.8321 -0.5546 0
		0.2499 0.3749 -0.125 0.5 0.000987 0 0 0 0 0 -1 0.5546 -0.8321 0 -0.8321 -0.5546 0
		-0.2499 0.3749 -0.125 0.624 0.000987 0 0 0 0 0 -1 0.5546 -0.8321 0 -0.8321 -0.5546 0
		-0.2499 1.125 -0.125 0.624 0.374 0 0 0 0 0 -1 1 0 0 0 -1 0
		0.2499 1.125 -0.125 0.5 0.374 0 0 0 0 0 -1 1 0 0 0 -1 0
		0.2499 0.3749 -0.125 0.5 0.000987 0 0 0 0 0 -1 1 0 0 0 -1 0
		-0.2499 0.3749 -0.125 0.438 0.501 0 0 0 0 -1 0 0.8944 0 0.4473 -0.4473 0 0.8944
		0.2499 0.3749 0.125 0.562 0.374 0 0 0 0 -1 0 0.8944 0 0.4473 -0.4473 0 0.8944
		-0.2499 0.3749 0.125 0.562 0.501 0 0 0 0 -1 0 0.8944 0 0.4473 -0.4473 0 0.8944
		-0.2499 0.3749 -0.125 0.438 0.501 0 0 0 0 -1 0 1 0 0 0 0 1
		0.2499 0.3749 -0.125 0.438 0.374 0 0 0 0 -1 0 1 0 0 0 0 1
		0.2499 0.3749 0.125 0.562 0.374 0 0 0 0 -1 0 1 0 0 0 0 1
		0.2499 0.3749 0.125 0.438 0.000987 0 0 0 1 0 0 0 0.9487 -0.3162 0 0.3162 0.9487
		0.2499 1.125 -0.125 0.5 0.374 0 0 0 1 0 0 0 0.9487 -0.3162 0 0.3162 0.9487
		0.2499 1.125 0.125 0.438 0.374 0 0 0 1 0 0 0 0.9487 -0.3162 0 0.3162 0.9487
		0.2499 0.3749 0.125 0.438 0.000987 0 0 0 1 0 0 0 0 -1 0 1 0
		0.2499 0.3749 -0.125 0.5 0.000987 0 0 0 1 0 0 0 0 -1 0 1 0
		0.2499 1.125 -0.125 0.5 0.374 0 0 0 1 0 0 0 0 -1 0 1 0
		-0.2499 0.3749 -0.125 0.249 0.000987 0 0 0 -1 0 0 0 0.9487 0.3162 0 0.3162 -0.9487
		-0.2499 1.125 0.125 0.312 0.374 0 0 0 -1 0 0 0 0.9487 0.3162 0 0.3162 -0.9487
		-0.2499 1.125 -0.125 0.249 0.374 0 0 0 -1 0 0 0 0.9487 0.3162 0 0.3162 -0.9487
		-0.2499 0.3749 -0.125 0.249 0.000987 0 0 0 -1 0 0 0 0 1 0 1 0
		-0.2499 0.3749 0.125 0.312 0.000987 0 0 0 -1 0 0 0 0 1 0 1 0
		-0.2499 1.125 0.125 0.312 0.374 0 0 0 -1 0 0 0 0 1 0 1 0
	KeyFrames: 0

	mc_creeper_LBleg -> NULL  //G:2
	1 1 1 0 0 0 1
		MC_Creeper_SG 36
		0.25 0.07085 -0.4575 0.063 0.188 0 0 0 0 0.2414 -0.9704 -0.5547 0.8074 0.2009 0.8321 0.5383 0.1339
		0 0.4348 -0.3669 0.126 0.373 0 0 0 0 0.2414 -0.9704 -0.5547 0.8074 0.2009 0.8321 0.5383 0.1339
		0.25 0.4348 -0.3669 0.063 0.373 0 0 0 0 0.2414 -0.9704 -0.5547 0.8074 0.2009 0.8321 0.5383 0.1339
		0.25 0.07085 -0.4575 0.063 0.188 0 0 0 0 0.2414 -0.9704 -1 0 0 0 0.9704 0.2414
		0 0.07085 -0.4575 0.126 0.188 0 0 0 0 0.2414 -0.9704 -1 0 0 0 0.9704 0.2414
		0 0.4348 -0.3669 0.126 0.373 0 0 0 0 0.2414 -0.9704 -1 0 0 0 0.9704 0.2414
		0.25 0.4348 -0.3669 0.063 0.373 0 0 0 0 0.9704 0.2414 -0.7071 -0.1707 0.6862 0.7071 -0.1707 0.6862
		0 0.3744 -0.1243 0.126 0.501 0 0 0 0 0.9704 0.2414 -0.7071 -0.1707 0.6862 0.7071 -0.1707 0.6862
		0.25 0.3744 -0.1243 0.063 0.501 0 0 0 0 0.9704 0.2414 -0.7071 -0.1707 0.6862 0.7071 -0.1707 0.6862
		0.25 0.4348 -0.3669 0.063 0.373 0 0 0 0 0.9704 0.2414 -1 0 0 0 -0.2414 0.9704
		0 0.4348 -0.3669 0.126 0.373 0 0 0 0 0.9704 0.2414 -1 0 0 0 -0.2414 0.9704
		0 0.3744 -0.1243 0.126 0.501 0 0 0 0 0.9704 0.2414 -1 0 0 0 -0.2414 0.9704
		0.25 0.3744 -0.1243 0.249 0.373 0 0 0 0 -0.2414 0.9704 -0.5547 -0.8074 -0.2009 0.8321 -0.5383 -0.1339
		0 0.01049 -0.2149 0.187 0.188 0 0 0 0 -0.2414 0.9704 -0.5547 -0.8074 -0.2009 0.8321 -0.5383 -0.1339
		0.25 0.01049 -0.2149 0.249 0.188 0 0 0 0 -0.2414 0.9704 -0.5547 -0.8074 -0.2009 0.8321 -0.5383 -0.1339
		0.25 0.3744 -0.1243 0.249 0.373 0 0 0 0 -0.2414 0.9704 -1 0 0 0 -0.9704 -0.2414
		0 0.3744 -0.1243 0.187 0.373 0 0 0 0 -0.2414 0.9704 -1 0 0 0 -0.9704 -0.2414
		0 0.01049 -0.2149 0.187 0.188 0 0 0 0 -0.2414 0.9704 -1 0 0 0 -0.9704 -0.2414
		0.25 0.01049 -0.2149 0.126 0.374 0 0 0 0 -0.9704 -0.2414 -0.7071 0.1707 -0.6862 0.7071 0.1707 -0.6862
		0 0.07085 -0.4575 0.187 0.501 0 0 0 0 -0.9704 -0.2414 -0.7071 0.1707 -0.6862 0.7071 0.1707 -0.6862
		0.25 0.07085 -0.4575 0.126 0.501 0 0 0 0 -0.9704 -0.2414 -0.7071 0.1707 -0.6862 0.7071 0.1707 -0.6862
		0.25 0.01049 -0.2149 0.126 0.374 0 0 0 0 -0.9704 -0.2414 -1 0 0 0 0.2414 -0.9704
		0 0.01049 -0.2149 0.187 0.374 0 0 0 0 -0.9704 -0.2414 -1 0 0 0 0.2414 -0.9704
		0 0.07085 -0.4575 0.187 0.501 0 0 0 0 -0.9704 -0.2414 -1 0 0 0 0.2414 -0.9704
		0 0.07085 -0.4575 0.126 0.188 0 0 0 -1 0 0 0 0.6735 0.7392 0 0.7392 -0.6735
		0 0.3744 -0.1243 0.187 0.373 0 0 0 -1 0 0 0 0.6735 0.7392 0 0.7392 -0.6735
		0 0.4348 -0.3669 0.126 0.373 0 0 0 -1 0 0 0 0.6735 0.7392 0 0.7392 -0.6735
		0 0.07085 -0.4575 0.126 0.188 0 0 0 -1 0 0 0 -0.2414 0.9704 0 0.9704 0.2414
		0 0.01049 -0.2149 0.187 0.188 0 0 0 -1 0 0 0 -0.2414 0.9704 0 0.9704 0.2414
		0 0.3744 -0.1243 0.187 0.373 0 0 0 -1 0 0 0 -0.2414 0.9704 0 0.9704 0.2414
		0.25 0.01049 -0.2149 0.000519 0.188 0 0 0 1 0 0 0 0.9414 -0.3374 0 0.3374 0.9414
		0.25 0.4348 -0.3669 0.063 0.373 0 0 0 1 0 0 0 0.9414 -0.3374 0 0.3374 0.9414
		0.25 0.3744 -0.1243 0.000519 0.373 0 0 0 1 0 0 0 0.9414 -0.3374 0 0.3374 0.9414
		0.25 0.01049 -0.2149 0.000519 0.188 0 0 0 1 0 0 0 0.2414 -0.9704 0 0.9704 0.2414
		0.25 0.07085 -0.4575 0.063 0.188 0 0 0 1 0 0 0 0.2414 -0.9704 0 0.9704 0.2414
		0.25 0.4348 -0.3669 0.063 0.373 0 0 0 1 0 0 0 0.2414 -0.9704 0 0.9704 0.2414
	KeyFrames: 0

	mc_creeper_RBleg -> NULL  //G:3
	1 1 1 0 0 0 1
		MC_Creeper_SG 36
		-0.25 -0.04989 -0.2767 0.063 0.188 0 0 0 0 -0.2414 -0.9704 0.5547 0.8074 -0.2009 0.8321 -0.5383 0.1339
		0 0.314 -0.3673 0.126 0.373 0 0 0 0 -0.2414 -0.9704 0.5547 0.8074 -0.2009 0.8321 -0.5383 0.1339
		0 -0.04989 -0.2767 0.126 0.188 0 0 0 0 -0.2414 -0.9704 0.5547 0.8074 -0.2009 0.8321 -0.5383 0.1339
		-0.25 -0.04989 -0.2767 0.063 0.188 0 0 0 0 -0.2414 -0.9704 0 0.9704 -0.2414 1 0 0
		-0.25 0.314 -0.3673 0.063 0.373 0 0 0 0 -0.2414 -0.9704 0 0.9704 -0.2414 1 0 0
		0 0.314 -0.3673 0.126 0.373 0 0 0 0 -0.2414 -0.9704 0 0.9704 -0.2414 1 0 0
		-0.25 0.314 -0.3673 0.063 0.373 0 0 0 0 0.9704 -0.2414 0.7071 0.1707 0.6862 0.7071 -0.1707 -0.6862
		0 0.3744 -0.1247 0.126 0.501 0 0 0 0 0.9704 -0.2414 0.7071 0.1707 0.6862 0.7071 -0.1707 -0.6862
		0 0.314 -0.3673 0.126 0.373 0 0 0 0 0.9704 -0.2414 0.7071 0.1707 0.6862 0.7071 -0.1707 -0.6862
		-0.25 0.314 -0.3673 0.063 0.373 0 0 0 0 0.9704 -0.2414 0 0.2414 0.9704 1 0 0
		-0.25 0.3744 -0.1247 0.063 0.501 0 0 0 0 0.9704 -0.2414 0 0.2414 0.9704 1 0 0
		0 0.3744 -0.1247 0.126 0.501 0 0 0 0 0.9704 -0.2414 0 0.2414 0.9704 1 0 0
		-0.25 0.3744 -0.1247 0.249 0.373 0 0 0 0 0.2414 0.9704 0.5547 -0.8074 0.2009 0.8321 0.5383 -0.1339
		0 0.01047 -0.03412 0.187 0.188 0 0 0 0 0.2414 0.9704 0.5547 -0.8074 0.2009 0.8321 0.5383 -0.1339
		0 0.3744 -0.1247 0.187 0.373 0 0 0 0 0.2414 0.9704 0.5547 -0.8074 0.2009 0.8321 0.5383 -0.1339
		-0.25 0.3744 -0.1247 0.249 0.373 0 0 0 0 0.2414 0.9704 0 -0.9704 0.2414 1 0 0
		-0.25 0.01047 -0.03412 0.249 0.188 0 0 0 0 0.2414 0.9704 0 -0.9704 0.2414 1 0 0
		0 0.01047 -0.03412 0.187 0.188 0 0 0 0 0.2414 0.9704 0 -0.9704 0.2414 1 0 0
		-0.25 0.01047 -0.03412 0.126 0.374 0 0 0 0 -0.9704 0.2414 0.7071 -0.1707 -0.6862 0.7071 0.1707 0.6862
		0 -0.04989 -0.2767 0.187 0.501 0 0 0 0 -0.9704 0.2414 0.7071 -0.1707 -0.6862 0.7071 0.1707 0.6862
		0 0.01047 -0.03412 0.187 0.374 0 0 0 0 -0.9704 0.2414 0.7071 -0.1707 -0.6862 0.7071 0.1707 0.6862
		-0.25 0.01047 -0.03412 0.126 0.374 0 0 0 0 -0.9704 0.2414 0 -0.2414 -0.9704 1 0 0
		-0.25 -0.04989 -0.2767 0.126 0.501 0 0 0 0 -0.9704 0.2414 0 -0.2414 -0.9704 1 0 0
		0 -0.04989 -0.2767 0.187 0.501 0 0 0 0 -0.9704 0.2414 0 -0.2414 -0.9704 1 0 0
		0 -0.04989 -0.2767 0.126 0.188 0 0 0 1 0 0 0 0.9414 0.3374 0 -0.3374 0.9414
		0 0.3744 -0.1247 0.187 0.373 0 0 0 1 0 0 0 0.9414 0.3374 0 -0.3374 0.9414
		0 0.01047 -0.03412 0.187 0.188 0 0 0 1 0 0 0 0.9414 0.3374 0 -0.3374 0.9414
		0 -0.04989 -0.2767 0.126 0.188 0 0 0 1 0 0 0 0.9704 -0.2414 0 0.2414 0.9704
		0 0.314 -0.3673 0.126 0.373 0 0 0 1 0 0 0 0.9704 -0.2414 0 0.2414 0.9704
		0 0.3744 -0.1247 0.187 0.373 0 0 0 1 0 0 0 0.9704 -0.2414 0 0.2414 0.9704
		-0.25 0.01047 -0.03412 0.000519 0.188 0 0 0 -1 0 0 0 0.6735 -0.7392 0 -0.7392 -0.6735
		-0.25 0.314 -0.3673 0.063 0.373 0 0 0 -1 0 0 0 0.6735 -0.7392 0 -0.7392 -0.6735
		-0.25 -0.04989 -0.2767 0.063 0.188 0 0 0 -1 0 0 0 0.6735 -0.7392 0 -0.7392 -0.6735
		-0.25 0.01047 -0.03412 0.000519 0.188 0 0 0 -1 0 0 0 0.9704 -0.2414 0 -0.2414 -0.9704
		-0.25 0.3744 -0.1247 0.000519 0.373 0 0 0 -1 0 0 0 0.9704 -0.2414 0 -0.2414 -0.9704
		-0.25 0.314 -0.3673 0.063 0.373 0 0 0 -1 0 0 0 0.9704 -0.2414 0 -0.2414 -0.9704
	KeyFrames: 0

	mc_creeper_LFleg -> NULL  //G:4
	1 1 1 0 0 0 1
		MC_Creeper_SG 36
		0.25 0.07085 0.4575 0.063 0.188 0 0 0 0 0.2414 0.9704 -0.5547 0.8074 -0.2009 -0.8321 -0.5383 0.1339
		0 0.4348 0.3669 0.126 0.373 0 0 0 0 0.2414 0.9704 -0.5547 0.8074 -0.2009 -0.8321 -0.5383 0.1339
		0 0.07085 0.4575 0.126 0.188 0 0 0 0 0.2414 0.9704 -0.5547 0.8074 -0.2009 -0.8321 -0.5383 0.1339
		0.25 0.07085 0.4575 0.063 0.188 0 0 0 0 0.2414 0.9704 0 0.9704 -0.2414 -1 0 0
		0.25 0.4348 0.3669 0.063 0.373 0 0 0 0 0.2414 0.9704 0 0.9704 -0.2414 -1 0 0
		0 0.4348 0.3669 0.126 0.373 0 0 0 0 0.2414 0.9704 0 0.9704 -0.2414 -1 0 0
		0.25 0.4348 0.3669 0.063 0.373 0 0 0 0 0.9704 -0.2414 -0.7071 -0.1707 -0.6862 -0.7071 0.1707 0.6862
		0 0.3744 0.1243 0.126 0.501 0 0 0 0 0.9704 -0.2414 -0.7071 -0.1707 -0.6862 -0.7071 0.1707 0.6862
		0 0.4348 0.3669 0.126 0.373 0 0 0 0 0.9704 -0.2414 -0.7071 -0.1707 -0.6862 -0.7071 0.1707 0.6862
		0.25 0.4348 0.3669 0.063 0.373 0 0 0 0 0.9704 -0.2414 0 -0.2414 -0.9704 -1 0 0
		0.25 0.3744 0.1243 0.063 0.501 0 0 0 0 0.9704 -0.2414 0 -0.2414 -0.9704 -1 0 0
		0 0.3744 0.1243 0.126 0.501 0 0 0 0 0.9704 -0.2414 0 -0.2414 -0.9704 -1 0 0
		0.25 0.3744 0.1243 0.249 0.373 0 0 0 0 -0.2414 -0.9704 -0.5547 -0.8074 0.2009 -0.8321 0.5383 -0.1339
		0 0.01049 0.2149 0.187 0.188 0 0 0 0 -0.2414 -0.9704 -0.5547 -0.8074 0.2009 -0.8321 0.5383 -0.1339
		0 0.3744 0.1243 0.187 0.373 0 0 0 0 -0.2414 -0.9704 -0.5547 -0.8074 0.2009 -0.8321 0.5383 -0.1339
		0.25 0.3744 0.1243 0.249 0.373 0 0 0 0 -0.2414 -0.9704 0 -0.9704 0.2414 -1 0 0
		0.25 0.01049 0.2149 0.249 0.188 0 0 0 0 -0.2414 -0.9704 0 -0.9704 0.2414 -1 0 0
		0 0.01049 0.2149 0.187 0.188 0 0 0 0 -0.2414 -0.9704 0 -0.9704 0.2414 -1 0 0
		0.25 0.01049 0.2149 0.126 0.374 0 0 0 0 -0.9704 0.2414 -0.7071 0.1707 0.6862 -0.7071 -0.1707 -0.6862
		0 0.07085 0.4575 0.187 0.501 0 0 0 0 -0.9704 0.2414 -0.7071 0.1707 0.6862 -0.7071 -0.1707 -0.6862
		0 0.01049 0.2149 0.187 0.374 0 0 0 0 -0.9704 0.2414 -0.7071 0.1707 0.6862 -0.7071 -0.1707 -0.6862
		0.25 0.01049 0.2149 0.126 0.374 0 0 0 0 -0.9704 0.2414 0 0.2414 0.9704 -1 0 0
		0.25 0.07085 0.4575 0.126 0.501 0 0 0 0 -0.9704 0.2414 0 0.2414 0.9704 -1 0 0
		0 0.07085 0.4575 0.187 0.501 0 0 0 0 -0.9704 0.2414 0 0.2414 0.9704 -1 0 0
		0 0.07085 0.4575 0.126 0.188 0 0 0 -1 0 0 0 0.6735 -0.7392 0 -0.7392 -0.6735
		0 0.3744 0.1243 0.187 0.373 0 0 0 -1 0 0 0 0.6735 -0.7392 0 -0.7392 -0.6735
		0 0.01049 0.2149 0.187 0.188 0 0 0 -1 0 0 0 0.6735 -0.7392 0 -0.7392 -0.6735
		0 0.07085 0.4575 0.126 0.188 0 0 0 -1 0 0 0 0.9704 -0.2414 0 -0.2414 -0.9704
		0 0.4348 0.3669 0.126 0.373 0 0 0 -1 0 0 0 0.9704 -0.2414 0 -0.2414 -0.9704
		0 0.3744 0.1243 0.187 0.373 0 0 0 -1 0 0 0 0.9704 -0.2414 0 -0.2414 -0.9704
		0.25 0.01049 0.2149 0.000519 0.188 0 0 0 1 0 0 0 0.9414 0.3374 0 -0.3374 0.9414
		0.25 0.4348 0.3669 0.063 0.373 0 0 0 1 0 0 0 0.9414 0.3374 0 -0.3374 0.9414
		0.25 0.07085 0.4575 0.063 0.188 0 0 0 1 0 0 0 0.9414 0.3374 0 -0.3374 0.9414
		0.25 0.01049 0.2149 0.000519 0.188 0 0 0 1 0 0 0 0.9704 -0.2414 0 0.2414 0.9704
		0.25 0.3744 0.1243 0.000519 0.373 0 0 0 1 0 0 0 0.9704 -0.2414 0 0.2414 0.9704
		0.25 0.4348 0.3669 0.063 0.373 0 0 0 1 0 0 0 0.9704 -0.2414 0 0.2414 0.9704
	KeyFrames: 0

	mc_creeper_RFleg -> NULL  //G:5
	1 1 1 0 0 0 1
		MC_Creeper_SG 36
		-0.25 -0.04989 0.2767 0.063 0.188 0 0 0 0 -0.2414 0.9704 0.5547 0.8074 0.2009 -0.8321 0.5383 0.1339
		0 0.314 0.3673 0.126 0.373 0 0 0 0 -0.2414 0.9704 0.5547 0.8074 0.2009 -0.8321 0.5383 0.1339
		-0.25 0.314 0.3673 0.063 0.373 0 0 0 0 -0.2414 0.9704 0.5547 0.8074 0.2009 -0.8321 0.5383 0.1339
		-0.25 -0.04989 0.2767 0.063 0.188 0 0 0 0 -0.2414 0.9704 1 0 0 0 0.9704 0.2414
		0 -0.04989 0.2767 0.126 0.188 0 0 0 0 -0.2414 0.9704 1 0 0 0 0.9704 0.2414
		0 0.314 0.3673 0.126 0.373 0 0 0 0 -0.2414 0.9704 1 0 0 0 0.9704 0.2414
		-0.25 0.314 0.3673 0.063 0.373 0 0 0 0 0.9704 0.2414 0.7071 0.1707 -0.6862 -0.7071 0.1707 -0.6862
		0 0.3744 0.1247 0.126 0.501 0 0 0 0 0.9704 0.2414 0.7071 0.1707 -0.6862 -0.7071 0.1707 -0.6862
		-0.25 0.3744 0.1247 0.063 0.501 0 0 0 0 0.9704 0.2414 0.7071 0.1707 -0.6862 -0.7071 0.1707 -0.6862
		-0.25 0.314 0.3673 0.063 0.373 0 0 0 0 0.9704 0.2414 1 0 0 0 0.2414 -0.9704
		0 0.314 0.3673 0.126 0.373 0 0 0 0 0.9704 0.2414 1 0 0 0 0.2414 -0.9704
		0 0.3744 0.1247 0.126 0.501 0 0 0 0 0.9704 0.2414 1 0 0 0 0.2414 -0.9704
		-0.25 0.3744 0.1247 0.249 0.373 0 0 0 0 0.2414 -0.9704 0.5547 -0.8074 -0.2009 -0.8321 -0.5383 -0.1339
		0 0.01047 0.03412 0.187 0.188 0 0 0 0 0.2414 -0.9704 0.5547 -0.8074 -0.2009 -0.8321 -0.5383 -0.1339
		-0.25 0.01047 0.03412 0.249 0.188 0 0 0 0 0.2414 -0.9704 0.5547 -0.8074 -0.2009 -0.8321 -0.5383 -0.1339
		-0.25 0.3744 0.1247 0.249 0.373 0 0 0 0 0.2414 -0.9704 1 0 0 0 -0.9704 -0.2414
		0 0.3744 0.1247 0.187 0.373 0 0 0 0 0.2414 -0.9704 1 0 0 0 -0.9704 -0.2414
		0 0.01047 0.03412 0.187 0.188 0 0 0 0 0.2414 -0.9704 1 0 0 0 -0.9704 -0.2414
		-0.25 0.01047 0.03412 0.126 0.374 0 0 0 0 -0.9704 -0.2414 0.7071 -0.1707 0.6862 -0.7071 -0.1707 0.6862
		0 -0.04989 0.2767 0.187 0.501 0 0 0 0 -0.9704 -0.2414 0.7071 -0.1707 0.6862 -0.7071 -0.1707 0.6862
		-0.25 -0.04989 0.2767 0.126 0.501 0 0 0 0 -0.9704 -0.2414 0.7071 -0.1707 0.6862 -0.7071 -0.1707 0.6862
		-0.25 0.01047 0.03412 0.126 0.374 0 0 0 0 -0.9704 -0.2414 1 0 0 0 -0.2414 0.9704
		0 0.01047 0.03412 0.187 0.374 0 0 0 0 -0.9704 -0.2414 1 0 0 0 -0.2414 0.9704
		0 -0.04989 0.2767 0.187 0.501 0 0 0 0 -0.9704 -0.2414 1 0 0 0 -0.2414 0.9704
		0 -0.04989 0.2767 0.126 0.188 0 0 0 1 0 0 0 0.9414 -0.3374 0 0.3374 0.9414
		0 0.3744 0.1247 0.187 0.373 0 0 0 1 0 0 0 0.9414 -0.3374 0 0.3374 0.9414
		0 0.314 0.3673 0.126 0.373 0 0 0 1 0 0 0 0.9414 -0.3374 0 0.3374 0.9414
		0 -0.04989 0.2767 0.126 0.188 0 0 0 1 0 0 0 0.2414 -0.9704 0 0.9704 0.2414
		0 0.01047 0.03412 0.187 0.188 0 0 0 1 0 0 0 0.2414 -0.9704 0 0.9704 0.2414
		0 0.3744 0.1247 0.187 0.373 0 0 0 1 0 0 0 0.2414 -0.9704 0 0.9704 0.2414
		-0.25 0.01047 0.03412 0.000519 0.188 0 0 0 -1 0 0 0 0.6735 0.7392 0 0.7392 -0.6735
		-0.25 0.314 0.3673 0.063 0.373 0 0 0 -1 0 0 0 0.6735 0.7392 0 0.7392 -0.6735
		-0.25 0.3744 0.1247 0.000519 0.373 0 0 0 -1 0 0 0 0.6735 0.7392 0 0.7392 -0.6735
		-0.25 0.01047 0.03412 0.000519 0.188 0 0 0 -1 0 0 0 -0.2414 0.9704 0 0.9704 0.2414
		-0.25 -0.04989 0.2767 0.063 0.188 0 0 0 -1 0 0 0 -0.2414 0.9704 0 0.9704 0.2414
		-0.25 0.314 0.3673 0.063 0.373 0 0 0 -1 0 0 0 -0.2414 0.9704 0 0.9704 0.2414
	KeyFrames: 0


Sequences: 1
 #Name ( FirstFrame | LastFrame | FrameRate )
	Default ( 0 | 1 | 30 ) //0

States: 1
	# Name ( SequenceName | Breakable | Transitional | Loop ) // Index
	Default ( Default | 0 | 0 | 1 ) //0

	Exits:
		# Ex: CurrentState -> NextState
