# ASCII Text Object file created from the model MC_Cow.obj
# 2015-10-7 | 22:30:28
# Made by Alberto Bobadilla (labigm@rit.edu)
Version: 1.0

Materials: 1
	MC_Cow_SG
		Diffuse: 0 0 0
		DiffuseMap: DefCow1024.png
		NormalMap: NULL
		SpecularMap: NULL

Frames: 1

Groups: 8
	#Name -> Parent
	#HP Visible Collidable pivotX pivotY pivotZ ShapeCount
		#Name MaterialName VertexCount
		#(Vertex, UV, Color, Normal, Tangent, Binormal)
	#KeyFrames: #
		#N, V, Tx, Ty, Tz, Rx, Ry, Rz, Sx, Sy, Sz
	mc_cow -> NULL  //G:0
	1 1 1 0 0 0 1
		MC_Cow_SG 36
		-0.2499 0.9601 0.8592 0.094 0.563 0 0 0 0 0.2162 0.9764 0.7071 0.6904 -0.1528 -0.7071 0.6904 -0.1528
		0.2499 1.448 0.7512 0.218 0.811 0 0 0 0 0.2162 0.9764 0.7071 0.6904 -0.1528 -0.7071 0.6904 -0.1528
		-0.2499 1.448 0.7512 0.094 0.811 0 0 0 0 0.2162 0.9764 0.7071 0.6904 -0.1528 -0.7071 0.6904 -0.1528
		-0.2499 0.9601 0.8592 0.094 0.563 0 0 0 0 0.2162 0.9764 1 0 0 0 0.9764 -0.2162
		0.2499 0.9601 0.8592 0.218 0.563 0 0 0 0 0.2162 0.9764 1 0 0 0 0.9764 -0.2162
		0.2499 1.448 0.7512 0.218 0.811 0 0 0 0 0.2162 0.9764 1 0 0 0 0.9764 -0.2162
		-0.2499 1.448 0.7512 0.094 0.811 0 0 0 0 0.9764 -0.2162 0.8 -0.1297 -0.5858 -0.6 -0.1729 -0.7811
		0.2499 1.367 0.3852 0.218 0.999 0 0 0 0 0.9764 -0.2162 0.8 -0.1297 -0.5858 -0.6 -0.1729 -0.7811
		-0.2499 1.367 0.3852 0.094 0.999 0 0 0 0 0.9764 -0.2162 0.8 -0.1297 -0.5858 -0.6 -0.1729 -0.7811
		-0.2499 1.448 0.7512 0.094 0.811 0 0 0 0 0.9764 -0.2162 1 0 0 0 -0.2162 -0.9764
		0.2499 1.448 0.7512 0.218 0.811 0 0 0 0 0.9764 -0.2162 1 0 0 0 -0.2162 -0.9764
		0.2499 1.367 0.3852 0.218 0.999 0 0 0 0 0.9764 -0.2162 1 0 0 0 -0.2162 -0.9764
		-0.2499 1.367 0.3852 0.437 0.811 0 0 0 0 -0.2162 -0.9764 0.7071 -0.6904 0.1528 -0.7071 -0.6904 0.1528
		0.2499 0.879 0.4932 0.312 0.563 0 0 0 0 -0.2162 -0.9764 0.7071 -0.6904 0.1528 -0.7071 -0.6904 0.1528
		-0.2499 0.879 0.4932 0.437 0.563 0 0 0 0 -0.2162 -0.9764 0.7071 -0.6904 0.1528 -0.7071 -0.6904 0.1528
		-0.2499 1.367 0.3852 0.437 0.811 0 0 0 0 -0.2162 -0.9764 1 0 0 0 -0.9764 0.2162
		0.2499 1.367 0.3852 0.312 0.811 0 0 0 0 -0.2162 -0.9764 1 0 0 0 -0.9764 0.2162
		0.2499 0.879 0.4932 0.312 0.563 0 0 0 0 -0.2162 -0.9764 1 0 0 0 -0.9764 0.2162
		-0.2499 0.879 0.4932 0.218 0.999 0 0 0 0 -0.9764 0.2162 0.8 0.1297 0.5858 -0.6 0.1729 0.7811
		0.2499 0.9601 0.8592 0.343 0.811 0 0 0 0 -0.9764 0.2162 0.8 0.1297 0.5858 -0.6 0.1729 0.7811
		-0.2499 0.9601 0.8592 0.343 0.999 0 0 0 0 -0.9764 0.2162 0.8 0.1297 0.5858 -0.6 0.1729 0.7811
		-0.2499 0.879 0.4932 0.218 0.999 0 0 0 0 -0.9764 0.2162 1 0 0 0 0.2162 0.9764
		0.2499 0.879 0.4932 0.218 0.811 0 0 0 0 -0.9764 0.2162 1 0 0 0 0.2162 0.9764
		0.2499 0.9601 0.8592 0.343 0.811 0 0 0 0 -0.9764 0.2162 1 0 0 0 0.2162 0.9764
		0.2499 0.9601 0.8592 0.218 0.563 0 0 0 1 0 0 0 0.6514 -0.7587 0 0.7587 0.6514
		0.2499 1.367 0.3852 0.312 0.811 0 0 0 1 0 0 0 0.6514 -0.7587 0 0.7587 0.6514
		0.2499 1.448 0.7512 0.218 0.811 0 0 0 1 0 0 0 0.6514 -0.7587 0 0.7587 0.6514
		0.2499 0.9601 0.8592 0.218 0.563 0 0 0 1 0 0 0 -0.2162 -0.9764 0 0.9764 -0.2162
		0.2499 0.879 0.4932 0.312 0.563 0 0 0 1 0 0 0 -0.2162 -0.9764 0 0.9764 -0.2162
		0.2499 1.367 0.3852 0.312 0.811 0 0 0 1 0 0 0 -0.2162 -0.9764 0 0.9764 -0.2162
		-0.2499 0.879 0.4932 0.000928 0.563 0 0 0 -1 0 0 0 0.9108 0.4129 0 0.4129 -0.9108
		-0.2499 1.448 0.7512 0.094 0.811 0 0 0 -1 0 0 0 0.9108 0.4129 0 0.4129 -0.9108
		-0.2499 1.367 0.3852 0.000928 0.811 0 0 0 -1 0 0 0 0.9108 0.4129 0 0.4129 -0.9108
		-0.2499 0.879 0.4932 0.000928 0.563 0 0 0 -1 0 0 0 0.2162 0.9764 0 0.9764 -0.2162
		-0.2499 0.9601 0.8592 0.094 0.563 0 0 0 -1 0 0 0 0.2162 0.9764 0 0.9764 -0.2162
		-0.2499 1.448 0.7512 0.094 0.811 0 0 0 -1 0 0 0 0.2162 0.9764 0 0.9764 -0.2162
	KeyFrames: 0

	mc_cow_body -> NULL  //G:1
	1 1 1 0 0 0 1
		MC_Cow_SG 36
		0.3742 1.248 -0.5575 0.812 0.00207 0 0 0 0 1 0 -0.6006 0 0.7996 0.7996 0 0.6006
		-0.3742 1.248 0.4389 0.968 0.562 0 0 0 0 1 0 -0.6006 0 0.7996 0.7996 0 0.6006
		0.3742 1.248 0.4389 0.812 0.562 0 0 0 0 1 0 -0.6006 0 0.7996 0.7996 0 0.6006
		0.3742 1.248 -0.5575 0.812 0.00207 0 0 0 0 1 0 -1 0 0 0 0 1
		-0.3742 1.248 -0.5575 0.968 0.00208 0 0 0 0 1 0 -1 0 0 0 0 1
		-0.3742 1.248 0.4389 0.968 0.562 0 0 0 0 1 0 -1 0 0 0 0 1
		0.3742 1.248 0.4389 0.625 0.874 0 0 0 0 0 1 -0.8316 -0.5554 0 0.5554 -0.8316 0
		-0.3742 0.7476 0.4389 0.437 0.562 0 0 0 0 0 1 -0.8316 -0.5554 0 0.5554 -0.8316 0
		0.3742 0.7476 0.4389 0.625 0.562 0 0 0 0 0 1 -0.8316 -0.5554 0 0.5554 -0.8316 0
		0.3742 1.248 0.4389 0.625 0.874 0 0 0 0 0 1 -1 0 0 0 -1 0
		-0.3742 1.248 0.4389 0.437 0.874 0 0 0 0 0 1 -1 0 0 0 -1 0
		-0.3742 0.7476 0.4389 0.437 0.562 0 0 0 0 0 1 -1 0 0 0 -1 0
		0.3742 0.7476 0.4389 0.625 0.562 0 0 0 0 -1 0 -0.6006 0 -0.7996 0.7996 0 -0.6006
		-0.3742 0.7476 -0.5575 0.437 0.00207 0 0 0 0 -1 0 -0.6006 0 -0.7996 0.7996 0 -0.6006
		0.3742 0.7476 -0.5575 0.625 0.00207 0 0 0 0 -1 0 -0.6006 0 -0.7996 0.7996 0 -0.6006
		0.3742 0.7476 0.4389 0.625 0.562 0 0 0 0 -1 0 -1 0 0 0 0 -1
		-0.3742 0.7476 0.4389 0.437 0.562 0 0 0 0 -1 0 -1 0 0 0 0 -1
		-0.3742 0.7476 -0.5575 0.437 0.00207 0 0 0 0 -1 0 -1 0 0 0 0 -1
		0.3742 0.7476 -0.5575 0.625 0.562 0 0 0 0 0 -1 -0.8316 0.5554 0 0.5554 0.8316 0
		-0.3742 1.248 -0.5575 0.813 0.873 0 0 0 0 0 -1 -0.8316 0.5554 0 0.5554 0.8316 0
		0.3742 1.248 -0.5575 0.625 0.873 0 0 0 0 0 -1 -0.8316 0.5554 0 0.5554 0.8316 0
		0.3742 0.7476 -0.5575 0.625 0.562 0 0 0 0 0 -1 -1 0 0 0 1 0
		-0.3742 0.7476 -0.5575 0.813 0.562 0 0 0 0 0 -1 -1 0 0 0 1 0
		-0.3742 1.248 -0.5575 0.813 0.873 0 0 0 0 0 -1 -1 0 0 0 1 0
		-0.3742 1.248 -0.5575 0.28 0.00207 0 0 0 -1 0 0 0 -0.4484 0.8938 0 0.8938 0.4484
		-0.3742 0.7476 0.4389 0.437 0.562 0 0 0 -1 0 0 0 -0.4484 0.8938 0 0.8938 0.4484
		-0.3742 1.248 0.4389 0.28 0.562 0 0 0 -1 0 0 0 -0.4484 0.8938 0 0.8938 0.4484
		-0.3742 1.248 -0.5575 0.28 0.00207 0 0 0 -1 0 0 0 -1 0 0 0 1
		-0.3742 0.7476 -0.5575 0.437 0.00207 0 0 0 -1 0 0 0 -1 0 0 0 1
		-0.3742 0.7476 0.4389 0.437 0.562 0 0 0 -1 0 0 0 -1 0 0 0 1
		0.3742 0.7476 -0.5575 0.625 0.00207 0 0 0 1 0 0 0 0.4484 0.8938 0 -0.8938 0.4484
		0.3742 1.248 0.4389 0.812 0.562 0 0 0 1 0 0 0 0.4484 0.8938 0 -0.8938 0.4484
		0.3742 0.7476 0.4389 0.625 0.562 0 0 0 1 0 0 0 0.4484 0.8938 0 -0.8938 0.4484
		0.3742 0.7476 -0.5575 0.625 0.00207 0 0 0 1 0 0 0 1 0 0 0 1
		0.3742 1.248 -0.5575 0.812 0.00207 0 0 0 1 0 0 0 1 0 0 0 1
		0.3742 1.248 0.4389 0.812 0.562 0 0 0 1 0 0 0 1 0 0 0 1
	KeyFrames: 0

	mc_cow_LBleg1 -> NULL  //G:2
	1 1 1 0 0 0 1
		MC_Cow_SG 36
		0.312 -0.006551 -0.5085 0.0632 0.00059 0 0 0 0 -0.05569 -0.9984 -0.3162 0.9472 -0.05283 0.9487 0.3157 -0.01761
		0.062 0.7423 -0.5503 0.125 0.374 0 0 0 0 -0.05569 -0.9984 -0.3162 0.9472 -0.05283 0.9487 0.3157 -0.01761
		0.312 0.7423 -0.5503 0.0632 0.374 0 0 0 0 -0.05569 -0.9984 -0.3162 0.9472 -0.05283 0.9487 0.3157 -0.01761
		0.312 -0.006551 -0.5085 0.0632 0.00059 0 0 0 0 -0.05569 -0.9984 -1 0 0 0 0.9984 -0.05569
		0.062 -0.006551 -0.5085 0.125 0.00059 0 0 0 0 -0.05569 -0.9984 -1 0 0 0 0.9984 -0.05569
		0.062 0.7423 -0.5503 0.125 0.374 0 0 0 0 -0.05569 -0.9984 -1 0 0 0 0.9984 -0.05569
		0.312 0.7423 -0.5503 0.0632 0.374 0 0 0 0 0.9984 -0.05569 -0.7071 0.03938 0.706 0.7071 0.03938 0.706
		0.062 0.7562 -0.3007 0.125 0.501 0 0 0 0 0.9984 -0.05569 -0.7071 0.03938 0.706 0.7071 0.03938 0.706
		0.312 0.7562 -0.3007 0.0632 0.501 0 0 0 0 0.9984 -0.05569 -0.7071 0.03938 0.706 0.7071 0.03938 0.706
		0.312 0.7423 -0.5503 0.0632 0.374 0 0 0 0 0.9984 -0.05569 -1 0 0 0 0.05569 0.9984
		0.062 0.7423 -0.5503 0.125 0.374 0 0 0 0 0.9984 -0.05569 -1 0 0 0 0.05569 0.9984
		0.062 0.7562 -0.3007 0.125 0.501 0 0 0 0 0.9984 -0.05569 -1 0 0 0 0.05569 0.9984
		0.312 0.7562 -0.3007 0.25 0.374 0 0 0 0 0.05569 0.9984 -0.3162 -0.9472 0.05283 0.9487 -0.3157 0.01761
		0.062 0.007371 -0.2589 0.187 0.00059 0 0 0 0 0.05569 0.9984 -0.3162 -0.9472 0.05283 0.9487 -0.3157 0.01761
		0.312 0.007371 -0.2589 0.25 0.00059 0 0 0 0 0.05569 0.9984 -0.3162 -0.9472 0.05283 0.9487 -0.3157 0.01761
		0.312 0.7562 -0.3007 0.25 0.374 0 0 0 0 0.05569 0.9984 -1 0 0 0 -0.9984 0.05569
		0.062 0.7562 -0.3007 0.187 0.374 0 0 0 0 0.05569 0.9984 -1 0 0 0 -0.9984 0.05569
		0.062 0.007371 -0.2589 0.187 0.00059 0 0 0 0 0.05569 0.9984 -1 0 0 0 -0.9984 0.05569
		0.312 0.007371 -0.2589 0.125 0.374 0 0 0 0 -0.9984 0.05569 -0.7071 -0.03938 -0.706 0.7071 -0.03938 -0.706
		0.062 -0.006551 -0.5085 0.187 0.501 0 0 0 0 -0.9984 0.05569 -0.7071 -0.03938 -0.706 0.7071 -0.03938 -0.706
		0.312 -0.006551 -0.5085 0.125 0.501 0 0 0 0 -0.9984 0.05569 -0.7071 -0.03938 -0.706 0.7071 -0.03938 -0.706
		0.312 0.007371 -0.2589 0.125 0.374 0 0 0 0 -0.9984 0.05569 -1 0 0 0 -0.05569 -0.9984
		0.062 0.007371 -0.2589 0.187 0.374 0 0 0 0 -0.9984 0.05569 -1 0 0 0 -0.05569 -0.9984
		0.062 -0.006551 -0.5085 0.187 0.501 0 0 0 0 -0.9984 0.05569 -1 0 0 0 -0.05569 -0.9984
		0.062 -0.006551 -0.5085 0.125 0.00059 0 0 0 -1 0 0 0 0.9648 0.2629 0 0.2629 -0.9648
		0.062 0.7562 -0.3007 0.187 0.374 0 0 0 -1 0 0 0 0.9648 0.2629 0 0.2629 -0.9648
		0.062 0.7423 -0.5503 0.125 0.374 0 0 0 -1 0 0 0 0.9648 0.2629 0 0.2629 -0.9648
		0.062 -0.006551 -0.5085 0.125 0.00059 0 0 0 -1 0 0 0 0.05569 0.9984 0 0.9984 -0.05569
		0.062 0.007371 -0.2589 0.187 0.00059 0 0 0 -1 0 0 0 0.05569 0.9984 0 0.9984 -0.05569
		0.062 0.7562 -0.3007 0.187 0.374 0 0 0 -1 0 0 0 0.05569 0.9984 0 0.9984 -0.05569
		0.312 0.007371 -0.2589 0.0008 0.00059 0 0 0 1 0 0 0 0.9296 -0.3686 0 0.3686 0.9296
		0.312 0.7423 -0.5503 0.0632 0.374 0 0 0 1 0 0 0 0.9296 -0.3686 0 0.3686 0.9296
		0.312 0.7562 -0.3007 0.0008 0.374 0 0 0 1 0 0 0 0.9296 -0.3686 0 0.3686 0.9296
		0.312 0.007371 -0.2589 0.0008 0.00059 0 0 0 1 0 0 0 -0.05569 -0.9984 0 0.9984 -0.05569
		0.312 -0.006551 -0.5085 0.0632 0.00059 0 0 0 1 0 0 0 -0.05569 -0.9984 0 0.9984 -0.05569
		0.312 0.7423 -0.5503 0.0632 0.374 0 0 0 1 0 0 0 -0.05569 -0.9984 0 0.9984 -0.05569
	KeyFrames: 0

	mc_cow_RBleg1 -> NULL  //G:3
	1 1 1 0 0 0 1
		MC_Cow_SG 36
		-0.3114 0.007704 -0.5919 0.0632 0.00059 0 0 0 0 0.05569 -0.9984 0.3162 0.9472 0.05283 0.9487 -0.3157 -0.01761
		-0.06138 0.7565 -0.5501 0.125 0.374 0 0 0 0 0.05569 -0.9984 0.3162 0.9472 0.05283 0.9487 -0.3157 -0.01761
		-0.06138 0.007704 -0.5919 0.125 0.00059 0 0 0 0 0.05569 -0.9984 0.3162 0.9472 0.05283 0.9487 -0.3157 -0.01761
		-0.3114 0.007704 -0.5919 0.0632 0.00059 0 0 0 0 0.05569 -0.9984 0 0.9984 0.05569 1 0 0
		-0.3114 0.7565 -0.5501 0.0632 0.374 0 0 0 0 0.05569 -0.9984 0 0.9984 0.05569 1 0 0
		-0.06138 0.7565 -0.5501 0.125 0.374 0 0 0 0 0.05569 -0.9984 0 0.9984 0.05569 1 0 0
		-0.3114 0.7565 -0.5501 0.0632 0.374 0 0 0 0 0.9984 0.05569 0.7071 -0.03938 0.706 0.7071 0.03938 -0.706
		-0.06138 0.7426 -0.3005 0.125 0.501 0 0 0 0 0.9984 0.05569 0.7071 -0.03938 0.706 0.7071 0.03938 -0.706
		-0.06138 0.7565 -0.5501 0.125 0.374 0 0 0 0 0.9984 0.05569 0.7071 -0.03938 0.706 0.7071 0.03938 -0.706
		-0.3114 0.7565 -0.5501 0.0632 0.374 0 0 0 0 0.9984 0.05569 0 -0.05569 0.9984 1 0 0
		-0.3114 0.7426 -0.3005 0.0632 0.501 0 0 0 0 0.9984 0.05569 0 -0.05569 0.9984 1 0 0
		-0.06138 0.7426 -0.3005 0.125 0.501 0 0 0 0 0.9984 0.05569 0 -0.05569 0.9984 1 0 0
		-0.3114 0.7426 -0.3005 0.25 0.374 0 0 0 0 -0.05569 0.9984 0.3162 -0.9472 -0.05283 0.9487 0.3157 0.01761
		-0.06138 -0.006218 -0.3423 0.187 0.00059 0 0 0 0 -0.05569 0.9984 0.3162 -0.9472 -0.05283 0.9487 0.3157 0.01761
		-0.06138 0.7426 -0.3005 0.187 0.374 0 0 0 0 -0.05569 0.9984 0.3162 -0.9472 -0.05283 0.9487 0.3157 0.01761
		-0.3114 0.7426 -0.3005 0.25 0.374 0 0 0 0 -0.05569 0.9984 0 -0.9984 -0.05569 1 0 0
		-0.3114 -0.006218 -0.3423 0.25 0.00059 0 0 0 0 -0.05569 0.9984 0 -0.9984 -0.05569 1 0 0
		-0.06138 -0.006218 -0.3423 0.187 0.00059 0 0 0 0 -0.05569 0.9984 0 -0.9984 -0.05569 1 0 0
		-0.3114 -0.006218 -0.3423 0.125 0.374 0 0 0 0 -0.9984 -0.05569 0.7071 0.03938 -0.706 0.7071 -0.03938 0.706
		-0.06138 0.007704 -0.5919 0.187 0.501 0 0 0 0 -0.9984 -0.05569 0.7071 0.03938 -0.706 0.7071 -0.03938 0.706
		-0.06138 -0.006218 -0.3423 0.187 0.374 0 0 0 0 -0.9984 -0.05569 0.7071 0.03938 -0.706 0.7071 -0.03938 0.706
		-0.3114 -0.006218 -0.3423 0.125 0.374 0 0 0 0 -0.9984 -0.05569 0 0.05569 -0.9984 1 0 0
		-0.3114 0.007704 -0.5919 0.125 0.501 0 0 0 0 -0.9984 -0.05569 0 0.05569 -0.9984 1 0 0
		-0.06138 0.007704 -0.5919 0.187 0.501 0 0 0 0 -0.9984 -0.05569 0 0.05569 -0.9984 1 0 0
		-0.06138 0.007704 -0.5919 0.125 0.00059 0 0 0 1 0 0 0 0.9296 0.3686 0 -0.3686 0.9296
		-0.06138 0.7426 -0.3005 0.187 0.374 0 0 0 1 0 0 0 0.9296 0.3686 0 -0.3686 0.9296
		-0.06138 -0.006218 -0.3423 0.187 0.00059 0 0 0 1 0 0 0 0.9296 0.3686 0 -0.3686 0.9296
		-0.06138 0.007704 -0.5919 0.125 0.00059 0 0 0 1 0 0 0 0.9984 0.05569 0 -0.05569 0.9984
		-0.06138 0.7565 -0.5501 0.125 0.374 0 0 0 1 0 0 0 0.9984 0.05569 0 -0.05569 0.9984
		-0.06138 0.7426 -0.3005 0.187 0.374 0 0 0 1 0 0 0 0.9984 0.05569 0 -0.05569 0.9984
		-0.3114 -0.006218 -0.3423 0.0008 0.00059 0 0 0 -1 0 0 0 0.9648 -0.2629 0 -0.2629 -0.9648
		-0.3114 0.7565 -0.5501 0.0632 0.374 0 0 0 -1 0 0 0 0.9648 -0.2629 0 -0.2629 -0.9648
		-0.3114 0.007704 -0.5919 0.0632 0.00059 0 0 0 -1 0 0 0 0.9648 -0.2629 0 -0.2629 -0.9648
		-0.3114 -0.006218 -0.3423 0.0008 0.00059 0 0 0 -1 0 0 0 0.9984 0.05569 0 0.05569 -0.9984
		-0.3114 0.7426 -0.3005 0.0008 0.374 0 0 0 -1 0 0 0 0.9984 0.05569 0 0.05569 -0.9984
		-0.3114 0.7565 -0.5501 0.0632 0.374 0 0 0 -1 0 0 0 0.9984 0.05569 0 0.05569 -0.9984
	KeyFrames: 0

	mc_cow_LFleg -> NULL  //G:4
	1 1 1 0 0 0 1
		MC_Cow_SG 36
		0.312 -0.006782 0.3365 0.0632 0.00059 0 0 0 0 -0.05569 0.9984 -0.3162 0.9472 0.05283 -0.9487 -0.3157 -0.01761
		0.062 0.7421 0.3783 0.125 0.374 0 0 0 0 -0.05569 0.9984 -0.3162 0.9472 0.05283 -0.9487 -0.3157 -0.01761
		0.062 -0.006782 0.3365 0.125 0.00059 0 0 0 0 -0.05569 0.9984 -0.3162 0.9472 0.05283 -0.9487 -0.3157 -0.01761
		0.312 -0.006782 0.3365 0.0632 0.00059 0 0 0 0 -0.05569 0.9984 0 0.9984 0.05569 -1 0 0
		0.312 0.7421 0.3783 0.0632 0.374 0 0 0 0 -0.05569 0.9984 0 0.9984 0.05569 -1 0 0
		0.062 0.7421 0.3783 0.125 0.374 0 0 0 0 -0.05569 0.9984 0 0.9984 0.05569 -1 0 0
		0.312 0.7421 0.3783 0.0632 0.374 0 0 0 0 0.9984 0.05569 -0.7071 0.03938 -0.706 -0.7071 -0.03938 0.706
		0.062 0.756 0.1287 0.125 0.501 0 0 0 0 0.9984 0.05569 -0.7071 0.03938 -0.706 -0.7071 -0.03938 0.706
		0.062 0.7421 0.3783 0.125 0.374 0 0 0 0 0.9984 0.05569 -0.7071 0.03938 -0.706 -0.7071 -0.03938 0.706
		0.312 0.7421 0.3783 0.0632 0.374 0 0 0 0 0.9984 0.05569 0 0.05569 -0.9984 -1 0 0
		0.312 0.756 0.1287 0.0632 0.501 0 0 0 0 0.9984 0.05569 0 0.05569 -0.9984 -1 0 0
		0.062 0.756 0.1287 0.125 0.501 0 0 0 0 0.9984 0.05569 0 0.05569 -0.9984 -1 0 0
		0.312 0.756 0.1287 0.25 0.374 0 0 0 0 0.05569 -0.9984 -0.3162 -0.9472 -0.05283 -0.9487 0.3157 0.01761
		0.062 0.007141 0.08693 0.187 0.00059 0 0 0 0 0.05569 -0.9984 -0.3162 -0.9472 -0.05283 -0.9487 0.3157 0.01761
		0.062 0.756 0.1287 0.187 0.374 0 0 0 0 0.05569 -0.9984 -0.3162 -0.9472 -0.05283 -0.9487 0.3157 0.01761
		0.312 0.756 0.1287 0.25 0.374 0 0 0 0 0.05569 -0.9984 0 -0.9984 -0.05569 -1 0 0
		0.312 0.007141 0.08693 0.25 0.00059 0 0 0 0 0.05569 -0.9984 0 -0.9984 -0.05569 -1 0 0
		0.062 0.007141 0.08693 0.187 0.00059 0 0 0 0 0.05569 -0.9984 0 -0.9984 -0.05569 -1 0 0
		0.312 0.007141 0.08693 0.125 0.374 0 0 0 0 -0.9984 -0.05569 -0.7071 -0.03938 0.706 -0.7071 0.03938 -0.706
		0.062 -0.006782 0.3365 0.187 0.501 0 0 0 0 -0.9984 -0.05569 -0.7071 -0.03938 0.706 -0.7071 0.03938 -0.706
		0.062 0.007141 0.08693 0.187 0.374 0 0 0 0 -0.9984 -0.05569 -0.7071 -0.03938 0.706 -0.7071 0.03938 -0.706
		0.312 0.007141 0.08693 0.125 0.374 0 0 0 0 -0.9984 -0.05569 0 -0.05569 0.9984 -1 0 0
		0.312 -0.006782 0.3365 0.125 0.501 0 0 0 0 -0.9984 -0.05569 0 -0.05569 0.9984 -1 0 0
		0.062 -0.006782 0.3365 0.187 0.501 0 0 0 0 -0.9984 -0.05569 0 -0.05569 0.9984 -1 0 0
		0.062 -0.006782 0.3365 0.125 0.00059 0 0 0 -1 0 0 0 0.9648 -0.2629 0 -0.2629 -0.9648
		0.062 0.756 0.1287 0.187 0.374 0 0 0 -1 0 0 0 0.9648 -0.2629 0 -0.2629 -0.9648
		0.062 0.007141 0.08693 0.187 0.00059 0 0 0 -1 0 0 0 0.9648 -0.2629 0 -0.2629 -0.9648
		0.062 -0.006782 0.3365 0.125 0.00059 0 0 0 -1 0 0 0 0.9984 0.05569 0 0.05569 -0.9984
		0.062 0.7421 0.3783 0.125 0.374 0 0 0 -1 0 0 0 0.9984 0.05569 0 0.05569 -0.9984
		0.062 0.756 0.1287 0.187 0.374 0 0 0 -1 0 0 0 0.9984 0.05569 0 0.05569 -0.9984
		0.312 0.007141 0.08693 0.0008 0.00059 0 0 0 1 0 0 0 0.9296 0.3686 0 -0.3686 0.9296
		0.312 0.7421 0.3783 0.0632 0.374 0 0 0 1 0 0 0 0.9296 0.3686 0 -0.3686 0.9296
		0.312 -0.006782 0.3365 0.0632 0.00059 0 0 0 1 0 0 0 0.9296 0.3686 0 -0.3686 0.9296
		0.312 0.007141 0.08693 0.0008 0.00059 0 0 0 1 0 0 0 0.9984 0.05569 0 -0.05569 0.9984
		0.312 0.756 0.1287 0.0008 0.374 0 0 0 1 0 0 0 0.9984 0.05569 0 -0.05569 0.9984
		0.312 0.7421 0.3783 0.0632 0.374 0 0 0 1 0 0 0 0.9984 0.05569 0 -0.05569 0.9984
	KeyFrames: 0

	mc_cow_RFleg -> NULL  //G:5
	1 1 1 0 0 0 1
		MC_Cow_SG 36
		-0.3114 0.007243 0.4199 0.0632 0.00059 0 0 0 0 0.05569 0.9984 0.3162 0.9472 -0.05283 -0.9487 0.3157 -0.01761
		-0.06138 0.7561 0.3782 0.125 0.374 0 0 0 0 0.05569 0.9984 0.3162 0.9472 -0.05283 -0.9487 0.3157 -0.01761
		-0.3114 0.7561 0.3782 0.0632 0.374 0 0 0 0 0.05569 0.9984 0.3162 0.9472 -0.05283 -0.9487 0.3157 -0.01761
		-0.3114 0.007243 0.4199 0.0632 0.00059 0 0 0 0 0.05569 0.9984 1 0 0 0 0.9984 -0.05569
		-0.06138 0.007243 0.4199 0.125 0.00059 0 0 0 0 0.05569 0.9984 1 0 0 0 0.9984 -0.05569
		-0.06138 0.7561 0.3782 0.125 0.374 0 0 0 0 0.05569 0.9984 1 0 0 0 0.9984 -0.05569
		-0.3114 0.7561 0.3782 0.0632 0.374 0 0 0 0 0.9984 -0.05569 0.7071 -0.03938 -0.706 -0.7071 -0.03938 -0.706
		-0.06138 0.7422 0.1286 0.125 0.501 0 0 0 0 0.9984 -0.05569 0.7071 -0.03938 -0.706 -0.7071 -0.03938 -0.706
		-0.3114 0.7422 0.1286 0.0632 0.501 0 0 0 0 0.9984 -0.05569 0.7071 -0.03938 -0.706 -0.7071 -0.03938 -0.706
		-0.3114 0.7561 0.3782 0.0632 0.374 0 0 0 0 0.9984 -0.05569 1 0 0 0 -0.05569 -0.9984
		-0.06138 0.7561 0.3782 0.125 0.374 0 0 0 0 0.9984 -0.05569 1 0 0 0 -0.05569 -0.9984
		-0.06138 0.7422 0.1286 0.125 0.501 0 0 0 0 0.9984 -0.05569 1 0 0 0 -0.05569 -0.9984
		-0.3114 0.7422 0.1286 0.25 0.374 0 0 0 0 -0.05569 -0.9984 0.3162 -0.9472 0.05283 -0.9487 -0.3157 0.01761
		-0.06138 -0.006679 0.1703 0.187 0.00059 0 0 0 0 -0.05569 -0.9984 0.3162 -0.9472 0.05283 -0.9487 -0.3157 0.01761
		-0.3114 -0.006679 0.1703 0.25 0.00059 0 0 0 0 -0.05569 -0.9984 0.3162 -0.9472 0.05283 -0.9487 -0.3157 0.01761
		-0.3114 0.7422 0.1286 0.25 0.374 0 0 0 0 -0.05569 -0.9984 1 0 0 0 -0.9984 0.05569
		-0.06138 0.7422 0.1286 0.187 0.374 0 0 0 0 -0.05569 -0.9984 1 0 0 0 -0.9984 0.05569
		-0.06138 -0.006679 0.1703 0.187 0.00059 0 0 0 0 -0.05569 -0.9984 1 0 0 0 -0.9984 0.05569
		-0.3114 -0.006679 0.1703 0.125 0.374 0 0 0 0 -0.9984 0.05569 0.7071 0.03938 0.706 -0.7071 0.03938 0.706
		-0.06138 0.007243 0.4199 0.187 0.501 0 0 0 0 -0.9984 0.05569 0.7071 0.03938 0.706 -0.7071 0.03938 0.706
		-0.3114 0.007243 0.4199 0.125 0.501 0 0 0 0 -0.9984 0.05569 0.7071 0.03938 0.706 -0.7071 0.03938 0.706
		-0.3114 -0.006679 0.1703 0.125 0.374 0 0 0 0 -0.9984 0.05569 1 0 0 0 0.05569 0.9984
		-0.06138 -0.006679 0.1703 0.187 0.374 0 0 0 0 -0.9984 0.05569 1 0 0 0 0.05569 0.9984
		-0.06138 0.007243 0.4199 0.187 0.501 0 0 0 0 -0.9984 0.05569 1 0 0 0 0.05569 0.9984
		-0.06138 0.007243 0.4199 0.125 0.00059 0 0 0 1 0 0 0 0.9296 -0.3686 0 0.3686 0.9296
		-0.06138 0.7422 0.1286 0.187 0.374 0 0 0 1 0 0 0 0.9296 -0.3686 0 0.3686 0.9296
		-0.06138 0.7561 0.3782 0.125 0.374 0 0 0 1 0 0 0 0.9296 -0.3686 0 0.3686 0.9296
		-0.06138 0.007243 0.4199 0.125 0.00059 0 0 0 1 0 0 0 -0.05569 -0.9984 0 0.9984 -0.05569
		-0.06138 -0.006679 0.1703 0.187 0.00059 0 0 0 1 0 0 0 -0.05569 -0.9984 0 0.9984 -0.05569
		-0.06138 0.7422 0.1286 0.187 0.374 0 0 0 1 0 0 0 -0.05569 -0.9984 0 0.9984 -0.05569
		-0.3114 -0.006679 0.1703 0.0008 0.00059 0 0 0 -1 0 0 0 0.9648 0.2629 0 0.2629 -0.9648
		-0.3114 0.7561 0.3782 0.0632 0.374 0 0 0 -1 0 0 0 0.9648 0.2629 0 0.2629 -0.9648
		-0.3114 0.7422 0.1286 0.0008 0.374 0 0 0 -1 0 0 0 0.9648 0.2629 0 0.2629 -0.9648
		-0.3114 -0.006679 0.1703 0.0008 0.00059 0 0 0 -1 0 0 0 0.05569 0.9984 0 0.9984 -0.05569
		-0.3114 0.007243 0.4199 0.0632 0.00059 0 0 0 -1 0 0 0 0.05569 0.9984 0 0.9984 -0.05569
		-0.3114 0.7561 0.3782 0.0632 0.374 0 0 0 -1 0 0 0 0.05569 0.9984 0 0.9984 -0.05569
	KeyFrames: 0

	mc_cow_horn01 -> NULL  //G:6
	1 1 1 0 0 0 1
		MC_Cow_SG 36
		-0.3127 1.331 0.6475 0.359 0.874 0 0 0 0 0.2162 0.9764 0.3162 0.9263 -0.2051 -0.9487 0.3088 -0.06835
		-0.2502 1.514 0.607 0.375 0.97 0 0 0 0 0.2162 0.9764 0.3162 0.9263 -0.2051 -0.9487 0.3088 -0.06835
		-0.3127 1.514 0.607 0.359 0.97 0 0 0 0 0.2162 0.9764 0.3162 0.9263 -0.2051 -0.9487 0.3088 -0.06835
		-0.3127 1.331 0.6475 0.359 0.874 0 0 0 0 0.2162 0.9764 1 0 0 0 0.9764 -0.2162
		-0.2502 1.331 0.6475 0.375 0.874 0 0 0 0 0.2162 0.9764 1 0 0 0 0.9764 -0.2162
		-0.2502 1.514 0.607 0.375 0.97 0 0 0 0 0.2162 0.9764 1 0 0 0 0.9764 -0.2162
		-0.3127 1.514 0.607 0.359 0.97 0 0 0 0 0.9764 -0.2162 0.7071 -0.1528 -0.6904 -0.7071 -0.1528 -0.6904
		-0.2502 1.501 0.546 0.375 1 0 0 0 0 0.9764 -0.2162 0.7071 -0.1528 -0.6904 -0.7071 -0.1528 -0.6904
		-0.3127 1.501 0.546 0.359 1 0 0 0 0 0.9764 -0.2162 0.7071 -0.1528 -0.6904 -0.7071 -0.1528 -0.6904
		-0.3127 1.514 0.607 0.359 0.97 0 0 0 0 0.9764 -0.2162 1 0 0 0 -0.2162 -0.9764
		-0.2502 1.514 0.607 0.375 0.97 0 0 0 0 0.9764 -0.2162 1 0 0 0 -0.2162 -0.9764
		-0.2502 1.501 0.546 0.375 1 0 0 0 0 0.9764 -0.2162 1 0 0 0 -0.2162 -0.9764
		-0.3127 1.501 0.546 0.406 0.97 0 0 0 0 -0.2162 -0.9764 0.3162 -0.9263 0.2051 -0.9487 -0.3088 0.06835
		-0.2502 1.318 0.5865 0.39 0.874 0 0 0 0 -0.2162 -0.9764 0.3162 -0.9263 0.2051 -0.9487 -0.3088 0.06835
		-0.3127 1.318 0.5865 0.406 0.874 0 0 0 0 -0.2162 -0.9764 0.3162 -0.9263 0.2051 -0.9487 -0.3088 0.06835
		-0.3127 1.501 0.546 0.406 0.97 0 0 0 0 -0.2162 -0.9764 1 0 0 0 -0.9764 0.2162
		-0.2502 1.501 0.546 0.39 0.97 0 0 0 0 -0.2162 -0.9764 1 0 0 0 -0.9764 0.2162
		-0.2502 1.318 0.5865 0.39 0.874 0 0 0 0 -0.2162 -0.9764 1 0 0 0 -0.9764 0.2162
		-0.3127 1.318 0.5865 0.375 1 0 0 0 0 -0.9764 0.2162 0.7071 0.1528 0.6904 -0.7071 0.1528 0.6904
		-0.2502 1.331 0.6475 0.39 0.97 0 0 0 0 -0.9764 0.2162 0.7071 0.1528 0.6904 -0.7071 0.1528 0.6904
		-0.3127 1.331 0.6475 0.39 1 0 0 0 0 -0.9764 0.2162 0.7071 0.1528 0.6904 -0.7071 0.1528 0.6904
		-0.3127 1.318 0.5865 0.375 1 0 0 0 0 -0.9764 0.2162 1 0 0 0 0.2162 0.9764
		-0.2502 1.318 0.5865 0.375 0.97 0 0 0 0 -0.9764 0.2162 1 0 0 0 0.2162 0.9764
		-0.2502 1.331 0.6475 0.39 0.97 0 0 0 0 -0.9764 0.2162 1 0 0 0 0.2162 0.9764
		-0.2502 1.331 0.6475 0.375 0.874 0 0 0 1 0 0 0 0.8579 -0.5138 0 0.5138 0.8579
		-0.2502 1.501 0.546 0.39 0.97 0 0 0 1 0 0 0 0.8579 -0.5138 0 0.5138 0.8579
		-0.2502 1.514 0.607 0.375 0.97 0 0 0 1 0 0 0 0.8579 -0.5138 0 0.5138 0.8579
		-0.2502 1.331 0.6475 0.375 0.874 0 0 0 1 0 0 0 -0.2162 -0.9764 0 0.9764 -0.2162
		-0.2502 1.318 0.5865 0.39 0.874 0 0 0 1 0 0 0 -0.2162 -0.9764 0 0.9764 -0.2162
		-0.2502 1.501 0.546 0.39 0.97 0 0 0 1 0 0 0 -0.2162 -0.9764 0 0.9764 -0.2162
		-0.3127 1.318 0.5865 0.343 0.874 0 0 0 -1 0 0 0 0.9946 0.1037 0 0.1037 -0.9946
		-0.3127 1.514 0.607 0.359 0.97 0 0 0 -1 0 0 0 0.9946 0.1037 0 0.1037 -0.9946
		-0.3127 1.501 0.546 0.343 0.97 0 0 0 -1 0 0 0 0.9946 0.1037 0 0.1037 -0.9946
		-0.3127 1.318 0.5865 0.343 0.874 0 0 0 -1 0 0 0 0.2162 0.9764 0 0.9764 -0.2162
		-0.3127 1.331 0.6475 0.359 0.874 0 0 0 -1 0 0 0 0.2162 0.9764 0 0.9764 -0.2162
		-0.3127 1.514 0.607 0.359 0.97 0 0 0 -1 0 0 0 0.2162 0.9764 0 0.9764 -0.2162
	KeyFrames: 0

	mc_cow_horn03 -> NULL  //G:7
	1 1 1 0 0 0 1
		MC_Cow_SG 36
		0.2424 1.331 0.6475 0.359 0.874 0 0 0 0 0.2162 0.9764 0.3162 0.9263 -0.2051 -0.9487 0.3088 -0.06835
		0.3049 1.514 0.607 0.375 0.97 0 0 0 0 0.2162 0.9764 0.3162 0.9263 -0.2051 -0.9487 0.3088 -0.06835
		0.2424 1.514 0.607 0.359 0.97 0 0 0 0 0.2162 0.9764 0.3162 0.9263 -0.2051 -0.9487 0.3088 -0.06835
		0.2424 1.331 0.6475 0.359 0.874 0 0 0 0 0.2162 0.9764 1 0 0 0 0.9764 -0.2162
		0.3049 1.331 0.6475 0.375 0.874 0 0 0 0 0.2162 0.9764 1 0 0 0 0.9764 -0.2162
		0.3049 1.514 0.607 0.375 0.97 0 0 0 0 0.2162 0.9764 1 0 0 0 0.9764 -0.2162
		0.2424 1.514 0.607 0.359 0.97 0 0 0 0 0.9764 -0.2162 0.7071 -0.1528 -0.6904 -0.7071 -0.1528 -0.6904
		0.3049 1.501 0.546 0.375 1 0 0 0 0 0.9764 -0.2162 0.7071 -0.1528 -0.6904 -0.7071 -0.1528 -0.6904
		0.2424 1.501 0.546 0.359 1 0 0 0 0 0.9764 -0.2162 0.7071 -0.1528 -0.6904 -0.7071 -0.1528 -0.6904
		0.2424 1.514 0.607 0.359 0.97 0 0 0 0 0.9764 -0.2162 1 0 0 0 -0.2162 -0.9764
		0.3049 1.514 0.607 0.375 0.97 0 0 0 0 0.9764 -0.2162 1 0 0 0 -0.2162 -0.9764
		0.3049 1.501 0.546 0.375 1 0 0 0 0 0.9764 -0.2162 1 0 0 0 -0.2162 -0.9764
		0.2424 1.501 0.546 0.406 0.97 0 0 0 0 -0.2162 -0.9764 0.3162 -0.9263 0.2051 -0.9487 -0.3088 0.06835
		0.3049 1.318 0.5865 0.39 0.874 0 0 0 0 -0.2162 -0.9764 0.3162 -0.9263 0.2051 -0.9487 -0.3088 0.06835
		0.2424 1.318 0.5865 0.406 0.874 0 0 0 0 -0.2162 -0.9764 0.3162 -0.9263 0.2051 -0.9487 -0.3088 0.06835
		0.2424 1.501 0.546 0.406 0.97 0 0 0 0 -0.2162 -0.9764 1 0 0 0 -0.9764 0.2162
		0.3049 1.501 0.546 0.39 0.97 0 0 0 0 -0.2162 -0.9764 1 0 0 0 -0.9764 0.2162
		0.3049 1.318 0.5865 0.39 0.874 0 0 0 0 -0.2162 -0.9764 1 0 0 0 -0.9764 0.2162
		0.2424 1.318 0.5865 0.375 1 0 0 0 0 -0.9764 0.2162 0.7071 0.1528 0.6904 -0.7071 0.1528 0.6904
		0.3049 1.331 0.6475 0.39 0.97 0 0 0 0 -0.9764 0.2162 0.7071 0.1528 0.6904 -0.7071 0.1528 0.6904
		0.2424 1.331 0.6475 0.39 1 0 0 0 0 -0.9764 0.2162 0.7071 0.1528 0.6904 -0.7071 0.1528 0.6904
		0.2424 1.318 0.5865 0.375 1 0 0 0 0 -0.9764 0.2162 1 0 0 0 0.2162 0.9764
		0.3049 1.318 0.5865 0.375 0.97 0 0 0 0 -0.9764 0.2162 1 0 0 0 0.2162 0.9764
		0.3049 1.331 0.6475 0.39 0.97 0 0 0 0 -0.9764 0.2162 1 0 0 0 0.2162 0.9764
		0.3049 1.331 0.6475 0.375 0.874 0 0 0 1 0 0 0 0.8579 -0.5138 0 0.5138 0.8579
		0.3049 1.501 0.546 0.39 0.97 0 0 0 1 0 0 0 0.8579 -0.5138 0 0.5138 0.8579
		0.3049 1.514 0.607 0.375 0.97 0 0 0 1 0 0 0 0.8579 -0.5138 0 0.5138 0.8579
		0.3049 1.331 0.6475 0.375 0.874 0 0 0 1 0 0 0 -0.2162 -0.9764 0 0.9764 -0.2162
		0.3049 1.318 0.5865 0.39 0.874 0 0 0 1 0 0 0 -0.2162 -0.9764 0 0.9764 -0.2162
		0.3049 1.501 0.546 0.39 0.97 0 0 0 1 0 0 0 -0.2162 -0.9764 0 0.9764 -0.2162
		0.2424 1.318 0.5865 0.343 0.874 0 0 0 -1 0 0 0 0.9946 0.1037 0 0.1037 -0.9946
		0.2424 1.514 0.607 0.359 0.97 0 0 0 -1 0 0 0 0.9946 0.1037 0 0.1037 -0.9946
		0.2424 1.501 0.546 0.343 0.97 0 0 0 -1 0 0 0 0.9946 0.1037 0 0.1037 -0.9946
		0.2424 1.318 0.5865 0.343 0.874 0 0 0 -1 0 0 0 0.2162 0.9764 0 0.9764 -0.2162
		0.2424 1.331 0.6475 0.359 0.874 0 0 0 -1 0 0 0 0.2162 0.9764 0 0.9764 -0.2162
		0.2424 1.514 0.607 0.359 0.97 0 0 0 -1 0 0 0 0.2162 0.9764 0 0.9764 -0.2162
	KeyFrames: 0


Sequences: 1
 #Name ( FirstFrame | LastFrame | FrameRate )
	Default ( 0 | 1 | 30 ) //0

States: 1
	# Name ( SequenceName | Breakable | Transitional | Loop ) // Index
	Default ( Default | 0 | 0 | 1 ) //0

	Exits:
		# Ex: CurrentState -> NextState
