# ASCII Text Object file created from the model MC_Pig.obj
# 2015-10-7 | 22:30:37
# Made by Alberto Bobadilla (labigm@rit.edu)
Version: 1.0

Materials: 1
	MC_Pig_SG
		Diffuse: 0 0 0
		DiffuseMap: DefPig1024.png
		NormalMap: NULL
		SpecularMap: NULL

Frames: 1

Groups: 7
	#Name -> Parent
	#HP Visible Collidable pivotX pivotY pivotZ ShapeCount
		#Name MaterialName VertexCount
		#(Vertex, UV, Color, Normal, Tangent, Binormal)
	#KeyFrames: #
		#N, V, Tx, Ty, Tz, Rx, Ry, Rz, Sx, Sy, Sz
	mc_pig -> NULL  //G:0
	1 1 1 0 0 0 1
		MC_Pig_SG 36
		-0.2499 0.594 0.8481 0.125 0.502 0 0 0 0 0.1803 0.9836 0.7071 0.6955 -0.1275 -0.7071 0.6955 -0.1275
		0.2499 1.086 0.758 0.249 0.749 0 0 0 0 0.1803 0.9836 0.7071 0.6955 -0.1275 -0.7071 0.6955 -0.1275
		-0.2499 1.086 0.758 0.125 0.749 0 0 0 0 0.1803 0.9836 0.7071 0.6955 -0.1275 -0.7071 0.6955 -0.1275
		-0.2499 0.594 0.8481 0.125 0.502 0 0 0 0 0.1803 0.9836 1 0 0 0 0.9836 -0.1803
		0.2499 0.594 0.8481 0.249 0.502 0 0 0 0 0.1803 0.9836 1 0 0 0 0.9836 -0.1803
		0.2499 1.086 0.758 0.249 0.749 0 0 0 0 0.1803 0.9836 1 0 0 0 0.9836 -0.1803
		-0.2499 1.086 0.758 0.125 0.749 0 0 0 0 0.9836 -0.1803 0.7071 -0.1275 -0.6955 -0.7071 -0.1275 -0.6955
		0.2499 0.9956 0.2664 0.249 0.999 0 0 0 0 0.9836 -0.1803 0.7071 -0.1275 -0.6955 -0.7071 -0.1275 -0.6955
		-0.2499 0.9956 0.2664 0.125 0.999 0 0 0 0 0.9836 -0.1803 0.7071 -0.1275 -0.6955 -0.7071 -0.1275 -0.6955
		-0.2499 1.086 0.758 0.125 0.749 0 0 0 0 0.9836 -0.1803 1 0 0 0 -0.1803 -0.9836
		0.2499 1.086 0.758 0.249 0.749 0 0 0 0 0.9836 -0.1803 1 0 0 0 -0.1803 -0.9836
		0.2499 0.9956 0.2664 0.249 0.999 0 0 0 0 0.9836 -0.1803 1 0 0 0 -0.1803 -0.9836
		-0.2499 0.9956 0.2664 0.499 0.749 0 0 0 0 -0.1803 -0.9836 0.7071 -0.6955 0.1275 -0.7071 -0.6955 0.1275
		0.2499 0.5039 0.3565 0.374 0.502 0 0 0 0 -0.1803 -0.9836 0.7071 -0.6955 0.1275 -0.7071 -0.6955 0.1275
		-0.2499 0.5039 0.3565 0.499 0.502 0 0 0 0 -0.1803 -0.9836 0.7071 -0.6955 0.1275 -0.7071 -0.6955 0.1275
		-0.2499 0.9956 0.2664 0.499 0.749 0 0 0 0 -0.1803 -0.9836 1 0 0 0 -0.9836 0.1803
		0.2499 0.9956 0.2664 0.374 0.749 0 0 0 0 -0.1803 -0.9836 1 0 0 0 -0.9836 0.1803
		0.2499 0.5039 0.3565 0.374 0.502 0 0 0 0 -0.1803 -0.9836 1 0 0 0 -0.9836 0.1803
		-0.2499 0.5039 0.3565 0.25 0.749 0 0 0 0 -0.9836 0.1803 0.7071 0.1275 0.6955 -0.7071 0.1275 0.6955
		0.2499 0.594 0.8481 0.374 0.999 0 0 0 0 -0.9836 0.1803 0.7071 0.1275 0.6955 -0.7071 0.1275 0.6955
		-0.2499 0.594 0.8481 0.25 0.999 0 0 0 0 -0.9836 0.1803 0.7071 0.1275 0.6955 -0.7071 0.1275 0.6955
		-0.2499 0.5039 0.3565 0.25 0.749 0 0 0 0 -0.9836 0.1803 1 0 0 0 0.1803 0.9836
		0.2499 0.5039 0.3565 0.374 0.749 0 0 0 0 -0.9836 0.1803 1 0 0 0 0.1803 0.9836
		0.2499 0.594 0.8481 0.374 0.999 0 0 0 0 -0.9836 0.1803 1 0 0 0 0.1803 0.9836
		0.2499 0.594 0.8481 0.249 0.502 0 0 0 1 0 0 0 0.568 -0.823 0 0.823 0.568
		0.2499 0.9956 0.2664 0.374 0.749 0 0 0 1 0 0 0 0.568 -0.823 0 0.823 0.568
		0.2499 1.086 0.758 0.249 0.749 0 0 0 1 0 0 0 0.568 -0.823 0 0.823 0.568
		0.2499 0.594 0.8481 0.249 0.502 0 0 0 1 0 0 0 -0.1803 -0.9836 0 0.9836 -0.1803
		0.2499 0.5039 0.3565 0.374 0.502 0 0 0 1 0 0 0 -0.1803 -0.9836 0 0.9836 -0.1803
		0.2499 0.9956 0.2664 0.374 0.749 0 0 0 1 0 0 0 -0.1803 -0.9836 0 0.9836 -0.1803
		-0.2499 0.5039 0.3565 0.000118 0.502 0 0 0 -1 0 0 0 0.823 0.568 0 0.568 -0.823
		-0.2499 1.086 0.758 0.125 0.749 0 0 0 -1 0 0 0 0.823 0.568 0 0.568 -0.823
		-0.2499 0.9956 0.2664 0.000118 0.749 0 0 0 -1 0 0 0 0.823 0.568 0 0.568 -0.823
		-0.2499 0.5039 0.3565 0.000118 0.502 0 0 0 -1 0 0 0 0.1803 0.9836 0 0.9836 -0.1803
		-0.2499 0.594 0.8481 0.125 0.502 0 0 0 -1 0 0 0 0.1803 0.9836 0 0.9836 -0.1803
		-0.2499 1.086 0.758 0.125 0.749 0 0 0 -1 0 0 0 0.1803 0.9836 0 0.9836 -0.1803
	KeyFrames: 0

	mc_pig_body -> NULL  //G:1
	1 1 1 0 0 0 1
		MC_Pig_SG 36
		-0.3119 0.3744 -0.5575 0.875 0.000812 0 0 0 0 -1 0 0.5306 0 0.8476 -0.8476 0 0.5306
		0.3119 0.3744 0.4389 1 0.5 0 0 0 0 -1 0 0.5306 0 0.8476 -0.8476 0 0.5306
		-0.3119 0.3744 0.4389 0.875 0.5 0 0 0 0 -1 0 0.5306 0 0.8476 -0.8476 0 0.5306
		-0.3119 0.3744 -0.5575 0.875 0.000812 0 0 0 0 -1 0 1 0 0 0 0 1
		0.3119 0.3744 -0.5575 1 0.000812 0 0 0 0 -1 0 1 0 0 0 0 1
		0.3119 0.3744 0.4389 1 0.5 0 0 0 0 -1 0 1 0 0 0 0 1
		-0.3119 0.3744 0.4389 0.719 0.749 0 0 0 0 0 1 0.7803 0.6254 0 -0.6254 0.7803 0
		0.3119 0.8743 0.4389 0.562 0.5 0 0 0 0 0 1 0.7803 0.6254 0 -0.6254 0.7803 0
		-0.3119 0.8743 0.4389 0.719 0.5 0 0 0 0 0 1 0.7803 0.6254 0 -0.6254 0.7803 0
		-0.3119 0.3744 0.4389 0.719 0.749 0 0 0 0 0 1 1 0 0 0 1 0
		0.3119 0.3744 0.4389 0.562 0.749 0 0 0 0 0 1 1 0 0 0 1 0
		0.3119 0.8743 0.4389 0.562 0.5 0 0 0 0 0 1 1 0 0 0 1 0
		-0.3119 0.8743 0.4389 0.719 0.5 0 0 0 0 1 0 0.5306 0 -0.8476 -0.8476 0 -0.5306
		0.3119 0.8743 -0.5575 0.562 0.000812 0 0 0 0 1 0 0.5306 0 -0.8476 -0.8476 0 -0.5306
		-0.3119 0.8743 -0.5575 0.719 0.000812 0 0 0 0 1 0 0.5306 0 -0.8476 -0.8476 0 -0.5306
		-0.3119 0.8743 0.4389 0.719 0.5 0 0 0 0 1 0 1 0 0 0 0 -1
		0.3119 0.8743 0.4389 0.562 0.5 0 0 0 0 1 0 1 0 0 0 0 -1
		0.3119 0.8743 -0.5575 0.562 0.000812 0 0 0 0 1 0 1 0 0 0 0 -1
		-0.3119 0.8743 -0.5575 0.719 0.748 0 0 0 0 0 -1 0.7803 -0.6254 0 -0.6254 -0.7803 0
		0.3119 0.3744 -0.5575 0.874 0.5 0 0 0 0 0 -1 0.7803 -0.6254 0 -0.6254 -0.7803 0
		-0.3119 0.3744 -0.5575 0.874 0.748 0 0 0 0 0 -1 0.7803 -0.6254 0 -0.6254 -0.7803 0
		-0.3119 0.8743 -0.5575 0.719 0.748 0 0 0 0 0 -1 1 0 0 0 -1 0
		0.3119 0.8743 -0.5575 0.719 0.5 0 0 0 0 0 -1 1 0 0 0 -1 0
		0.3119 0.3744 -0.5575 0.874 0.5 0 0 0 0 0 -1 1 0 0 0 -1 0
		0.3119 0.3744 -0.5575 0.437 0.000812 0 0 0 1 0 0 0 0.4484 0.8938 0 -0.8938 0.4484
		0.3119 0.8743 0.4389 0.562 0.5 0 0 0 1 0 0 0 0.4484 0.8938 0 -0.8938 0.4484
		0.3119 0.3744 0.4389 0.437 0.5 0 0 0 1 0 0 0 0.4484 0.8938 0 -0.8938 0.4484
		0.3119 0.3744 -0.5575 0.437 0.000812 0 0 0 1 0 0 0 1 0 0 0 1
		0.3119 0.8743 -0.5575 0.562 0.000812 0 0 0 1 0 0 0 1 0 0 0 1
		0.3119 0.8743 0.4389 0.562 0.5 0 0 0 1 0 0 0 1 0 0 0 1
		-0.3119 0.8743 -0.5575 0.719 0.000812 0 0 0 -1 0 0 0 -0.4484 0.8938 0 0.8938 0.4484
		-0.3119 0.3744 0.4389 0.875 0.5 0 0 0 -1 0 0 0 -0.4484 0.8938 0 0.8938 0.4484
		-0.3119 0.8743 0.4389 0.719 0.5 0 0 0 -1 0 0 0 -0.4484 0.8938 0 0.8938 0.4484
		-0.3119 0.8743 -0.5575 0.719 0.000812 0 0 0 -1 0 0 0 -1 0 0 0 1
		-0.3119 0.3744 -0.5575 0.875 0.000812 0 0 0 -1 0 0 0 -1 0 0 0 1
		-0.3119 0.3744 0.4389 0.875 0.5 0 0 0 -1 0 0 0 -1 0 0 0 1
	KeyFrames: 0

	mc_pig_LFleg -> NULL  //G:2
	1 1 1 0 0 0 1
		MC_Pig_SG 36
		0.3105 -0.01721 -0.5594 0.063 0.188 0 0 0 0 -0.1725 -0.985 -0.5547 0.8196 -0.1436 0.8321 0.5464 -0.0957
		0.06048 0.3522 -0.6241 0.126 0.374 0 0 0 0 -0.1725 -0.985 -0.5547 0.8196 -0.1436 0.8321 0.5464 -0.0957
		0.3105 0.3522 -0.6241 0.063 0.374 0 0 0 0 -0.1725 -0.985 -0.5547 0.8196 -0.1436 0.8321 0.5464 -0.0957
		0.3105 -0.01721 -0.5594 0.063 0.188 0 0 0 0 -0.1725 -0.985 -1 0 0 0 0.985 -0.1725
		0.06048 -0.01721 -0.5594 0.126 0.188 0 0 0 0 -0.1725 -0.985 -1 0 0 0 0.985 -0.1725
		0.06048 0.3522 -0.6241 0.126 0.374 0 0 0 0 -0.1725 -0.985 -1 0 0 0 0.985 -0.1725
		0.3105 0.3522 -0.6241 0.063 0.374 0 0 0 0 0.985 -0.1725 -0.7071 0.122 0.6965 0.7071 0.122 0.6965
		0.06048 0.3953 -0.3779 0.126 0.502 0 0 0 0 0.985 -0.1725 -0.7071 0.122 0.6965 0.7071 0.122 0.6965
		0.3105 0.3953 -0.3779 0.063 0.502 0 0 0 0 0.985 -0.1725 -0.7071 0.122 0.6965 0.7071 0.122 0.6965
		0.3105 0.3522 -0.6241 0.063 0.374 0 0 0 0 0.985 -0.1725 -1 0 0 0 0.1725 0.985
		0.06048 0.3522 -0.6241 0.126 0.374 0 0 0 0 0.985 -0.1725 -1 0 0 0 0.1725 0.985
		0.06048 0.3953 -0.3779 0.126 0.502 0 0 0 0 0.985 -0.1725 -1 0 0 0 0.1725 0.985
		0.3105 0.3953 -0.3779 0.249 0.374 0 0 0 0 0.1725 0.985 -0.5547 -0.8196 0.1436 0.8321 -0.5464 0.0957
		0.06048 0.02592 -0.3132 0.187 0.188 0 0 0 0 0.1725 0.985 -0.5547 -0.8196 0.1436 0.8321 -0.5464 0.0957
		0.3105 0.02592 -0.3132 0.249 0.188 0 0 0 0 0.1725 0.985 -0.5547 -0.8196 0.1436 0.8321 -0.5464 0.0957
		0.3105 0.3953 -0.3779 0.249 0.374 0 0 0 0 0.1725 0.985 -1 0 0 0 -0.985 0.1725
		0.06048 0.3953 -0.3779 0.187 0.374 0 0 0 0 0.1725 0.985 -1 0 0 0 -0.985 0.1725
		0.06048 0.02592 -0.3132 0.187 0.188 0 0 0 0 0.1725 0.985 -1 0 0 0 -0.985 0.1725
		0.3105 0.02592 -0.3132 0.126 0.375 0 0 0 0 -0.985 0.1725 -0.7071 -0.122 -0.6965 0.7071 -0.122 -0.6965
		0.06048 -0.01721 -0.5594 0.187 0.501 0 0 0 0 -0.985 0.1725 -0.7071 -0.122 -0.6965 0.7071 -0.122 -0.6965
		0.3105 -0.01721 -0.5594 0.126 0.501 0 0 0 0 -0.985 0.1725 -0.7071 -0.122 -0.6965 0.7071 -0.122 -0.6965
		0.3105 0.02592 -0.3132 0.126 0.375 0 0 0 0 -0.985 0.1725 -1 0 0 0 -0.1725 -0.985
		0.06048 0.02592 -0.3132 0.187 0.375 0 0 0 0 -0.985 0.1725 -1 0 0 0 -0.1725 -0.985
		0.06048 -0.01721 -0.5594 0.187 0.501 0 0 0 0 -0.985 0.1725 -1 0 0 0 -0.1725 -0.985
		0.06048 -0.01721 -0.5594 0.126 0.188 0 0 0 -1 0 0 0 0.9153 0.4028 0 0.4028 -0.9153
		0.06048 0.3953 -0.3779 0.187 0.374 0 0 0 -1 0 0 0 0.9153 0.4028 0 0.4028 -0.9153
		0.06048 0.3522 -0.6241 0.126 0.374 0 0 0 -1 0 0 0 0.9153 0.4028 0 0.4028 -0.9153
		0.06048 -0.01721 -0.5594 0.126 0.188 0 0 0 -1 0 0 0 0.1725 0.985 0 0.985 -0.1725
		0.06048 0.02592 -0.3132 0.187 0.188 0 0 0 -1 0 0 0 0.1725 0.985 0 0.985 -0.1725
		0.06048 0.3953 -0.3779 0.187 0.374 0 0 0 -1 0 0 0 0.1725 0.985 0 0.985 -0.1725
		0.3105 0.02592 -0.3132 0.00088 0.188 0 0 0 1 0 0 0 0.7239 -0.6899 0 0.6899 0.7239
		0.3105 0.3522 -0.6241 0.063 0.374 0 0 0 1 0 0 0 0.7239 -0.6899 0 0.6899 0.7239
		0.3105 0.3953 -0.3779 0.00088 0.374 0 0 0 1 0 0 0 0.7239 -0.6899 0 0.6899 0.7239
		0.3105 0.02592 -0.3132 0.00088 0.188 0 0 0 1 0 0 0 -0.1725 -0.985 0 0.985 -0.1725
		0.3105 -0.01721 -0.5594 0.063 0.188 0 0 0 1 0 0 0 -0.1725 -0.985 0 0.985 -0.1725
		0.3105 0.3522 -0.6241 0.063 0.374 0 0 0 1 0 0 0 -0.1725 -0.985 0 0.985 -0.1725
	KeyFrames: 0

	mc_pig_RFleg -> NULL  //G:3
	1 1 1 0 0 0 1
		MC_Pig_SG 36
		-0.3114 0.02828 -0.6886 0.063 0.188 0 0 0 0 0.1725 -0.985 0.5547 0.8196 0.1436 0.832 -0.5464 -0.0957
		-0.06138 0.3977 -0.624 0.126 0.374 0 0 0 0 0.1725 -0.985 0.5547 0.8196 0.1436 0.832 -0.5464 -0.0957
		-0.06138 0.02828 -0.6886 0.126 0.188 0 0 0 0 0.1725 -0.985 0.5547 0.8196 0.1436 0.832 -0.5464 -0.0957
		-0.3114 0.02828 -0.6886 0.063 0.188 0 0 0 0 0.1725 -0.985 0 0.985 0.1725 1 0 0
		-0.3114 0.3977 -0.624 0.063 0.374 0 0 0 0 0.1725 -0.985 0 0.985 0.1725 1 0 0
		-0.06138 0.3977 -0.624 0.126 0.374 0 0 0 0 0.1725 -0.985 0 0.985 0.1725 1 0 0
		-0.3114 0.3977 -0.624 0.063 0.374 0 0 0 0 0.985 0.1725 0.7071 -0.122 0.6965 0.7071 0.122 -0.6965
		-0.06138 0.3545 -0.3777 0.126 0.502 0 0 0 0 0.985 0.1725 0.7071 -0.122 0.6965 0.7071 0.122 -0.6965
		-0.06138 0.3977 -0.624 0.126 0.374 0 0 0 0 0.985 0.1725 0.7071 -0.122 0.6965 0.7071 0.122 -0.6965
		-0.3114 0.3977 -0.624 0.063 0.374 0 0 0 0 0.985 0.1725 0 -0.1725 0.985 1 0 0
		-0.3114 0.3545 -0.3777 0.063 0.502 0 0 0 0 0.985 0.1725 0 -0.1725 0.985 1 0 0
		-0.06138 0.3545 -0.3777 0.126 0.502 0 0 0 0 0.985 0.1725 0 -0.1725 0.985 1 0 0
		-0.3114 0.3545 -0.3777 0.249 0.374 0 0 0 0 -0.1725 0.985 0.5547 -0.8196 -0.1436 0.832 0.5464 0.0957
		-0.06138 -0.01485 -0.4424 0.187 0.188 0 0 0 0 -0.1725 0.985 0.5547 -0.8196 -0.1436 0.832 0.5464 0.0957
		-0.06138 0.3545 -0.3777 0.187 0.374 0 0 0 0 -0.1725 0.985 0.5547 -0.8196 -0.1436 0.832 0.5464 0.0957
		-0.3114 0.3545 -0.3777 0.249 0.374 0 0 0 0 -0.1725 0.985 0 -0.985 -0.1725 1 0 0
		-0.3114 -0.01485 -0.4424 0.249 0.188 0 0 0 0 -0.1725 0.985 0 -0.985 -0.1725 1 0 0
		-0.06138 -0.01485 -0.4424 0.187 0.188 0 0 0 0 -0.1725 0.985 0 -0.985 -0.1725 1 0 0
		-0.3114 -0.01485 -0.4424 0.126 0.375 0 0 0 0 -0.985 -0.1725 0.7071 0.122 -0.6965 0.7071 -0.122 0.6965
		-0.06138 0.02828 -0.6886 0.187 0.501 0 0 0 0 -0.985 -0.1725 0.7071 0.122 -0.6965 0.7071 -0.122 0.6965
		-0.06138 -0.01485 -0.4424 0.187 0.375 0 0 0 0 -0.985 -0.1725 0.7071 0.122 -0.6965 0.7071 -0.122 0.6965
		-0.3114 -0.01485 -0.4424 0.126 0.375 0 0 0 0 -0.985 -0.1725 0 0.1725 -0.985 1 0 0
		-0.3114 0.02828 -0.6886 0.126 0.501 0 0 0 0 -0.985 -0.1725 0 0.1725 -0.985 1 0 0
		-0.06138 0.02828 -0.6886 0.187 0.501 0 0 0 0 -0.985 -0.1725 0 0.1725 -0.985 1 0 0
		-0.06138 0.02828 -0.6886 0.126 0.188 0 0 0 1 0 0 0 0.7239 0.6899 0 -0.6899 0.7239
		-0.06138 0.3545 -0.3777 0.187 0.374 0 0 0 1 0 0 0 0.7239 0.6899 0 -0.6899 0.7239
		-0.06138 -0.01485 -0.4424 0.187 0.188 0 0 0 1 0 0 0 0.7239 0.6899 0 -0.6899 0.7239
		-0.06138 0.02828 -0.6886 0.126 0.188 0 0 0 1 0 0 0 0.985 0.1725 0 -0.1725 0.985
		-0.06138 0.3977 -0.624 0.126 0.374 0 0 0 1 0 0 0 0.985 0.1725 0 -0.1725 0.985
		-0.06138 0.3545 -0.3777 0.187 0.374 0 0 0 1 0 0 0 0.985 0.1725 0 -0.1725 0.985
		-0.3114 -0.01485 -0.4424 0.00088 0.188 0 0 0 -1 0 0 0 0.9153 -0.4028 0 -0.4028 -0.9153
		-0.3114 0.3977 -0.624 0.063 0.374 0 0 0 -1 0 0 0 0.9153 -0.4028 0 -0.4028 -0.9153
		-0.3114 0.02828 -0.6886 0.063 0.188 0 0 0 -1 0 0 0 0.9153 -0.4028 0 -0.4028 -0.9153
		-0.3114 -0.01485 -0.4424 0.00088 0.188 0 0 0 -1 0 0 0 0.985 0.1725 0 0.1725 -0.985
		-0.3114 0.3545 -0.3777 0.00088 0.374 0 0 0 -1 0 0 0 0.985 0.1725 0 0.1725 -0.985
		-0.3114 0.3977 -0.624 0.063 0.374 0 0 0 -1 0 0 0 0.985 0.1725 0 0.1725 -0.985
	KeyFrames: 0

	mc_pig_LBleg -> NULL  //G:4
	1 1 1 0 0 0 1
		MC_Pig_SG 36
		0.3105 -0.01549 0.312 0.063 0.188 0 0 0 0 -0.1725 0.985 -0.5547 0.8196 0.1436 -0.8321 -0.5464 -0.0957
		0.06048 0.3539 0.3767 0.126 0.374 0 0 0 0 -0.1725 0.985 -0.5547 0.8196 0.1436 -0.8321 -0.5464 -0.0957
		0.06048 -0.01549 0.312 0.126 0.188 0 0 0 0 -0.1725 0.985 -0.5547 0.8196 0.1436 -0.8321 -0.5464 -0.0957
		0.3105 -0.01549 0.312 0.063 0.188 0 0 0 0 -0.1725 0.985 0 0.985 0.1725 -1 0 0
		0.3105 0.3539 0.3767 0.063 0.374 0 0 0 0 -0.1725 0.985 0 0.985 0.1725 -1 0 0
		0.06048 0.3539 0.3767 0.126 0.374 0 0 0 0 -0.1725 0.985 0 0.985 0.1725 -1 0 0
		0.3105 0.3539 0.3767 0.063 0.374 0 0 0 0 0.985 0.1725 -0.7071 0.122 -0.6965 -0.7071 -0.122 0.6965
		0.06048 0.397 0.1304 0.126 0.502 0 0 0 0 0.985 0.1725 -0.7071 0.122 -0.6965 -0.7071 -0.122 0.6965
		0.06048 0.3539 0.3767 0.126 0.374 0 0 0 0 0.985 0.1725 -0.7071 0.122 -0.6965 -0.7071 -0.122 0.6965
		0.3105 0.3539 0.3767 0.063 0.374 0 0 0 0 0.985 0.1725 0 0.1725 -0.985 -1 0 0
		0.3105 0.397 0.1304 0.063 0.502 0 0 0 0 0.985 0.1725 0 0.1725 -0.985 -1 0 0
		0.06048 0.397 0.1304 0.126 0.502 0 0 0 0 0.985 0.1725 0 0.1725 -0.985 -1 0 0
		0.3105 0.397 0.1304 0.249 0.374 0 0 0 0 0.1725 -0.985 -0.5547 -0.8196 -0.1436 -0.8321 0.5464 0.0957
		0.06048 0.02764 0.06575 0.187 0.188 0 0 0 0 0.1725 -0.985 -0.5547 -0.8196 -0.1436 -0.8321 0.5464 0.0957
		0.06048 0.397 0.1304 0.187 0.374 0 0 0 0 0.1725 -0.985 -0.5547 -0.8196 -0.1436 -0.8321 0.5464 0.0957
		0.3105 0.397 0.1304 0.249 0.374 0 0 0 0 0.1725 -0.985 0 -0.985 -0.1725 -1 0 0
		0.3105 0.02764 0.06575 0.249 0.188 0 0 0 0 0.1725 -0.985 0 -0.985 -0.1725 -1 0 0
		0.06048 0.02764 0.06575 0.187 0.188 0 0 0 0 0.1725 -0.985 0 -0.985 -0.1725 -1 0 0
		0.3105 0.02764 0.06575 0.126 0.375 0 0 0 0 -0.985 -0.1725 -0.7071 -0.122 0.6965 -0.7071 0.122 -0.6965
		0.06048 -0.01549 0.312 0.187 0.501 0 0 0 0 -0.985 -0.1725 -0.7071 -0.122 0.6965 -0.7071 0.122 -0.6965
		0.06048 0.02764 0.06575 0.187 0.375 0 0 0 0 -0.985 -0.1725 -0.7071 -0.122 0.6965 -0.7071 0.122 -0.6965
		0.3105 0.02764 0.06575 0.126 0.375 0 0 0 0 -0.985 -0.1725 0 -0.1725 0.985 -1 0 0
		0.3105 -0.01549 0.312 0.126 0.501 0 0 0 0 -0.985 -0.1725 0 -0.1725 0.985 -1 0 0
		0.06048 -0.01549 0.312 0.187 0.501 0 0 0 0 -0.985 -0.1725 0 -0.1725 0.985 -1 0 0
		0.06048 -0.01549 0.312 0.126 0.188 0 0 0 -1 0 0 0 0.9153 -0.4028 0 -0.4028 -0.9153
		0.06048 0.397 0.1304 0.187 0.374 0 0 0 -1 0 0 0 0.9153 -0.4028 0 -0.4028 -0.9153
		0.06048 0.02764 0.06575 0.187 0.188 0 0 0 -1 0 0 0 0.9153 -0.4028 0 -0.4028 -0.9153
		0.06048 -0.01549 0.312 0.126 0.188 0 0 0 -1 0 0 0 0.985 0.1725 0 0.1725 -0.985
		0.06048 0.3539 0.3767 0.126 0.374 0 0 0 -1 0 0 0 0.985 0.1725 0 0.1725 -0.985
		0.06048 0.397 0.1304 0.187 0.374 0 0 0 -1 0 0 0 0.985 0.1725 0 0.1725 -0.985
		0.3105 0.02764 0.06575 0.00088 0.188 0 0 0 1 0 0 0 0.7239 0.6899 0 -0.6899 0.7239
		0.3105 0.3539 0.3767 0.063 0.374 0 0 0 1 0 0 0 0.7239 0.6899 0 -0.6899 0.7239
		0.3105 -0.01549 0.312 0.063 0.188 0 0 0 1 0 0 0 0.7239 0.6899 0 -0.6899 0.7239
		0.3105 0.02764 0.06575 0.00088 0.188 0 0 0 1 0 0 0 0.985 0.1725 0 -0.1725 0.985
		0.3105 0.397 0.1304 0.00088 0.374 0 0 0 1 0 0 0 0.985 0.1725 0 -0.1725 0.985
		0.3105 0.3539 0.3767 0.063 0.374 0 0 0 1 0 0 0 0.985 0.1725 0 -0.1725 0.985
	KeyFrames: 0

	mc_pig_RBleg -> NULL  //G:5
	1 1 1 0 0 0 1
		MC_Pig_SG 36
		-0.3114 0.02766 0.4411 0.063 0.188 0 0 0 0 0.1725 0.985 0.5547 0.8196 -0.1436 -0.8321 0.5464 -0.0957
		-0.06138 0.397 0.3764 0.126 0.374 0 0 0 0 0.1725 0.985 0.5547 0.8196 -0.1436 -0.8321 0.5464 -0.0957
		-0.3114 0.397 0.3764 0.063 0.374 0 0 0 0 0.1725 0.985 0.5547 0.8196 -0.1436 -0.8321 0.5464 -0.0957
		-0.3114 0.02766 0.4411 0.063 0.188 0 0 0 0 0.1725 0.985 1 0 0 0 0.985 -0.1725
		-0.06138 0.02766 0.4411 0.126 0.188 0 0 0 0 0.1725 0.985 1 0 0 0 0.985 -0.1725
		-0.06138 0.397 0.3764 0.126 0.374 0 0 0 0 0.1725 0.985 1 0 0 0 0.985 -0.1725
		-0.3114 0.397 0.3764 0.063 0.374 0 0 0 0 0.985 -0.1725 0.7071 -0.122 -0.6965 -0.7071 -0.122 -0.6965
		-0.06138 0.3539 0.1302 0.126 0.502 0 0 0 0 0.985 -0.1725 0.7071 -0.122 -0.6965 -0.7071 -0.122 -0.6965
		-0.3114 0.3539 0.1302 0.063 0.502 0 0 0 0 0.985 -0.1725 0.7071 -0.122 -0.6965 -0.7071 -0.122 -0.6965
		-0.3114 0.397 0.3764 0.063 0.374 0 0 0 0 0.985 -0.1725 1 0 0 0 -0.1725 -0.985
		-0.06138 0.397 0.3764 0.126 0.374 0 0 0 0 0.985 -0.1725 1 0 0 0 -0.1725 -0.985
		-0.06138 0.3539 0.1302 0.126 0.502 0 0 0 0 0.985 -0.1725 1 0 0 0 -0.1725 -0.985
		-0.3114 0.3539 0.1302 0.249 0.374 0 0 0 0 -0.1725 -0.985 0.5547 -0.8196 0.1436 -0.8321 -0.5464 0.0957
		-0.06138 -0.01548 0.1949 0.187 0.188 0 0 0 0 -0.1725 -0.985 0.5547 -0.8196 0.1436 -0.8321 -0.5464 0.0957
		-0.3114 -0.01548 0.1949 0.249 0.188 0 0 0 0 -0.1725 -0.985 0.5547 -0.8196 0.1436 -0.8321 -0.5464 0.0957
		-0.3114 0.3539 0.1302 0.249 0.374 0 0 0 0 -0.1725 -0.985 1 0 0 0 -0.985 0.1725
		-0.06138 0.3539 0.1302 0.187 0.374 0 0 0 0 -0.1725 -0.985 1 0 0 0 -0.985 0.1725
		-0.06138 -0.01548 0.1949 0.187 0.188 0 0 0 0 -0.1725 -0.985 1 0 0 0 -0.985 0.1725
		-0.3114 -0.01548 0.1949 0.126 0.375 0 0 0 0 -0.985 0.1725 0.7071 0.122 0.6965 -0.7071 0.122 0.6965
		-0.06138 0.02766 0.4411 0.187 0.501 0 0 0 0 -0.985 0.1725 0.7071 0.122 0.6965 -0.7071 0.122 0.6965
		-0.3114 0.02766 0.4411 0.126 0.501 0 0 0 0 -0.985 0.1725 0.7071 0.122 0.6965 -0.7071 0.122 0.6965
		-0.3114 -0.01548 0.1949 0.126 0.375 0 0 0 0 -0.985 0.1725 1 0 0 0 0.1725 0.985
		-0.06138 -0.01548 0.1949 0.187 0.375 0 0 0 0 -0.985 0.1725 1 0 0 0 0.1725 0.985
		-0.06138 0.02766 0.4411 0.187 0.501 0 0 0 0 -0.985 0.1725 1 0 0 0 0.1725 0.985
		-0.06138 0.02766 0.4411 0.126 0.188 0 0 0 1 0 0 0 0.7239 -0.6899 0 0.6899 0.7239
		-0.06138 0.3539 0.1302 0.187 0.374 0 0 0 1 0 0 0 0.7239 -0.6899 0 0.6899 0.7239
		-0.06138 0.397 0.3764 0.126 0.374 0 0 0 1 0 0 0 0.7239 -0.6899 0 0.6899 0.7239
		-0.06138 0.02766 0.4411 0.126 0.188 0 0 0 1 0 0 0 -0.1725 -0.985 0 0.985 -0.1725
		-0.06138 -0.01548 0.1949 0.187 0.188 0 0 0 1 0 0 0 -0.1725 -0.985 0 0.985 -0.1725
		-0.06138 0.3539 0.1302 0.187 0.374 0 0 0 1 0 0 0 -0.1725 -0.985 0 0.985 -0.1725
		-0.3114 -0.01548 0.1949 0.00088 0.188 0 0 0 -1 0 0 0 0.9153 0.4028 0 0.4028 -0.9153
		-0.3114 0.397 0.3764 0.063 0.374 0 0 0 -1 0 0 0 0.9153 0.4028 0 0.4028 -0.9153
		-0.3114 0.3539 0.1302 0.00088 0.374 0 0 0 -1 0 0 0 0.9153 0.4028 0 0.4028 -0.9153
		-0.3114 -0.01548 0.1949 0.00088 0.188 0 0 0 -1 0 0 0 0.1725 0.985 0 0.985 -0.1725
		-0.3114 0.02766 0.4411 0.063 0.188 0 0 0 -1 0 0 0 0.1725 0.985 0 0.985 -0.1725
		-0.3114 0.397 0.3764 0.063 0.374 0 0 0 -1 0 0 0 0.1725 0.985 0 0.985 -0.1725
	KeyFrames: 0

	mc_pig_nose -> NULL  //G:6
	1 1 1 0 0 0 1
		MC_Pig_SG 36
		-0.125 0.6874 0.8947 0.266 0.376 0 0 0 0 0.1803 0.9836 0.8346 0.5418 -0.09933 -0.5508 0.8209 -0.1505
		0.125 0.8496 0.865 0.328 0.467 0 0 0 0 0.1803 0.9836 0.8346 0.5418 -0.09933 -0.5508 0.8209 -0.1505
		-0.125 0.8496 0.865 0.266 0.467 0 0 0 0 0.1803 0.9836 0.8346 0.5418 -0.09933 -0.5508 0.8209 -0.1505
		-0.125 0.6874 0.8947 0.266 0.376 0 0 0 0 0.1803 0.9836 1 0 0 0 0.9836 -0.1803
		0.125 0.6874 0.8947 0.328 0.376 0 0 0 0 0.1803 0.9836 1 0 0 0 0.9836 -0.1803
		0.125 0.8496 0.865 0.328 0.467 0 0 0 0 0.1803 0.9836 1 0 0 0 0.9836 -0.1803
		-0.125 0.8496 0.865 0.266 0.467 0 0 0 0 0.9836 -0.1803 0.9701 -0.04373 -0.2386 -0.2425 -0.1749 -0.9542
		0.125 0.8384 0.8035 0.328 0.501 0 0 0 0 0.9836 -0.1803 0.9701 -0.04373 -0.2386 -0.2425 -0.1749 -0.9542
		-0.125 0.8384 0.8035 0.266 0.501 0 0 0 0 0.9836 -0.1803 0.9701 -0.04373 -0.2386 -0.2425 -0.1749 -0.9542
		-0.125 0.8496 0.865 0.266 0.467 0 0 0 0 0.9836 -0.1803 1 0 0 0 -0.1803 -0.9836
		0.125 0.8496 0.865 0.328 0.467 0 0 0 0 0.9836 -0.1803 1 0 0 0 -0.1803 -0.9836
		0.125 0.8384 0.8035 0.328 0.501 0 0 0 0 0.9836 -0.1803 1 0 0 0 -0.1803 -0.9836
		-0.125 0.8384 0.8035 0.39 0.467 0 0 0 0 -0.1803 -0.9836 0.8346 -0.5418 0.09933 -0.5508 -0.8209 0.1505
		0.125 0.6761 0.8333 0.343 0.376 0 0 0 0 -0.1803 -0.9836 0.8346 -0.5418 0.09933 -0.5508 -0.8209 0.1505
		-0.125 0.6761 0.8333 0.39 0.376 0 0 0 0 -0.1803 -0.9836 0.8346 -0.5418 0.09933 -0.5508 -0.8209 0.1505
		-0.125 0.8384 0.8035 0.39 0.467 0 0 0 0 -0.1803 -0.9836 1 0 0 0 -0.9836 0.1803
		0.125 0.8384 0.8035 0.343 0.467 0 0 0 0 -0.1803 -0.9836 1 0 0 0 -0.9836 0.1803
		0.125 0.6761 0.8333 0.343 0.376 0 0 0 0 -0.1803 -0.9836 1 0 0 0 -0.9836 0.1803
		-0.125 0.6761 0.8333 0.328 0.467 0 0 0 0 -0.9836 0.1803 0.9701 0.04373 0.2386 -0.2425 0.1749 0.9542
		0.125 0.6874 0.8947 0.39 0.502 0 0 0 0 -0.9836 0.1803 0.9701 0.04373 0.2386 -0.2425 0.1749 0.9542
		-0.125 0.6874 0.8947 0.328 0.502 0 0 0 0 -0.9836 0.1803 0.9701 0.04373 0.2386 -0.2425 0.1749 0.9542
		-0.125 0.6761 0.8333 0.328 0.467 0 0 0 0 -0.9836 0.1803 1 0 0 0 0.1803 0.9836
		0.125 0.6761 0.8333 0.39 0.467 0 0 0 0 -0.9836 0.1803 1 0 0 0 0.1803 0.9836
		0.125 0.6874 0.8947 0.39 0.502 0 0 0 0 -0.9836 0.1803 1 0 0 0 0.1803 0.9836
		0.125 0.6874 0.8947 0.328 0.376 0 0 0 1 0 0 0 0.856 -0.517 0 0.517 0.856
		0.125 0.8384 0.8035 0.343 0.467 0 0 0 1 0 0 0 0.856 -0.517 0 0.517 0.856
		0.125 0.8496 0.865 0.328 0.467 0 0 0 1 0 0 0 0.856 -0.517 0 0.517 0.856
		0.125 0.6874 0.8947 0.328 0.376 0 0 0 1 0 0 0 -0.1803 -0.9836 0 0.9836 -0.1803
		0.125 0.6761 0.8333 0.343 0.376 0 0 0 1 0 0 0 -0.1803 -0.9836 0 0.9836 -0.1803
		0.125 0.8384 0.8035 0.343 0.467 0 0 0 1 0 0 0 -0.1803 -0.9836 0 0.9836 -0.1803
		-0.125 0.6761 0.8333 0.251 0.376 0 0 0 -1 0 0 0 0.9837 0.1798 0 0.1798 -0.9837
		-0.125 0.8496 0.865 0.266 0.467 0 0 0 -1 0 0 0 0.9837 0.1798 0 0.1798 -0.9837
		-0.125 0.8384 0.8035 0.251 0.467 0 0 0 -1 0 0 0 0.9837 0.1798 0 0.1798 -0.9837
		-0.125 0.6761 0.8333 0.251 0.376 0 0 0 -1 0 0 0 0.1803 0.9836 0 0.9836 -0.1803
		-0.125 0.6874 0.8947 0.266 0.376 0 0 0 -1 0 0 0 0.1803 0.9836 0 0.9836 -0.1803
		-0.125 0.8496 0.865 0.266 0.467 0 0 0 -1 0 0 0 0.1803 0.9836 0 0.9836 -0.1803
	KeyFrames: 0


Sequences: 1
 #Name ( FirstFrame | LastFrame | FrameRate )
	Default ( 0 | 1 | 30 ) //0

States: 1
	# Name ( SequenceName | Breakable | Transitional | Loop ) // Index
	Default ( Default | 0 | 0 | 1 ) //0

	Exits:
		# Ex: CurrentState -> NextState
