# ASCII Text Object file created from the model MC_Steve.obj
# 2015-10-7 | 22:30:44
# Made by Alberto Bobadilla (labigm@rit.edu)
Version: 1.0

Materials: 1
	MC_Steve_SG
		Diffuse: 0 0 0
		DiffuseMap: DefSteve1024.png
		NormalMap: NULL
		SpecularMap: NULL

Frames: 1

Groups: 6
	#Name -> Parent
	#HP Visible Collidable pivotX pivotY pivotZ ShapeCount
		#Name MaterialName VertexCount
		#(Vertex, UV, Color, Normal, Tangent, Binormal)
	#KeyFrames: #
		#N, V, Tx, Ty, Tz, Rx, Ry, Rz, Sx, Sy, Sz
	Body -> NULL  //G:0
	1 1 1 0 0 0 1
		MC_Steve_SG 36
		-0.2499 0.7499 0.125 0.312 0.00133 0 0 0 0 0 1 0.5546 0.8321 0 -0.8321 0.5546 0
		0.2499 1.5 0.125 0.438 0.373 0 0 0 0 0 1 0.5546 0.8321 0 -0.8321 0.5546 0
		-0.2499 1.5 0.125 0.312 0.373 0 0 0 0 0 1 0.5546 0.8321 0 -0.8321 0.5546 0
		-0.2499 0.7499 0.125 0.312 0.00133 0 0 0 0 0 1 1 0 0 0 1 0
		0.2499 0.7499 0.125 0.438 0.00133 0 0 0 0 0 1 1 0 0 0 1 0
		0.2499 1.5 0.125 0.438 0.373 0 0 0 0 0 1 1 0 0 0 1 0
		-0.2499 1.5 0.125 0.312 0.373 0 0 0 0 1 0 0.8944 0 -0.4473 -0.4473 0 -0.8944
		0.2499 1.5 -0.125 0.438 0.502 0 0 0 0 1 0 0.8944 0 -0.4473 -0.4473 0 -0.8944
		-0.2499 1.5 -0.125 0.312 0.502 0 0 0 0 1 0 0.8944 0 -0.4473 -0.4473 0 -0.8944
		-0.2499 1.5 0.125 0.312 0.373 0 0 0 0 1 0 1 0 0 0 0 -1
		0.2499 1.5 0.125 0.438 0.373 0 0 0 0 1 0 1 0 0 0 0 -1
		0.2499 1.5 -0.125 0.438 0.502 0 0 0 0 1 0 1 0 0 0 0 -1
		-0.2499 1.5 -0.125 0.624 0.373 0 0 0 0 0 -1 0.5546 -0.8321 0 -0.8321 -0.5546 0
		0.2499 0.7499 -0.125 0.5 0.00133 0 0 0 0 0 -1 0.5546 -0.8321 0 -0.8321 -0.5546 0
		-0.2499 0.7499 -0.125 0.624 0.00133 0 0 0 0 0 -1 0.5546 -0.8321 0 -0.8321 -0.5546 0
		-0.2499 1.5 -0.125 0.624 0.373 0 0 0 0 0 -1 1 0 0 0 -1 0
		0.2499 1.5 -0.125 0.5 0.373 0 0 0 0 0 -1 1 0 0 0 -1 0
		0.2499 0.7499 -0.125 0.5 0.00133 0 0 0 0 0 -1 1 0 0 0 -1 0
		-0.2499 0.7499 -0.125 0.437 0.501 0 0 0 0 -1 0 0.8944 0 0.4473 -0.4473 0 0.8944
		0.2499 0.7499 0.125 0.562 0.373 0 0 0 0 -1 0 0.8944 0 0.4473 -0.4473 0 0.8944
		-0.2499 0.7499 0.125 0.562 0.501 0 0 0 0 -1 0 0.8944 0 0.4473 -0.4473 0 0.8944
		-0.2499 0.7499 -0.125 0.437 0.501 0 0 0 0 -1 0 1 0 0 0 0 1
		0.2499 0.7499 -0.125 0.437 0.373 0 0 0 0 -1 0 1 0 0 0 0 1
		0.2499 0.7499 0.125 0.562 0.373 0 0 0 0 -1 0 1 0 0 0 0 1
		0.2499 0.7499 0.125 0.438 0.00133 0 0 0 1 0 0 0 0.9487 -0.3162 0 0.3162 0.9487
		0.2499 1.5 -0.125 0.5 0.373 0 0 0 1 0 0 0 0.9487 -0.3162 0 0.3162 0.9487
		0.2499 1.5 0.125 0.438 0.373 0 0 0 1 0 0 0 0.9487 -0.3162 0 0.3162 0.9487
		0.2499 0.7499 0.125 0.438 0.00133 0 0 0 1 0 0 0 0 -1 0 1 0
		0.2499 0.7499 -0.125 0.5 0.00133 0 0 0 1 0 0 0 0 -1 0 1 0
		0.2499 1.5 -0.125 0.5 0.373 0 0 0 1 0 0 0 0 -1 0 1 0
		-0.2499 0.7499 -0.125 0.25 0.00133 0 0 0 -1 0 0 0 0.9487 0.3162 0 0.3162 -0.9487
		-0.2499 1.5 0.125 0.312 0.373 0 0 0 -1 0 0 0 0.9487 0.3162 0 0.3162 -0.9487
		-0.2499 1.5 -0.125 0.25 0.373 0 0 0 -1 0 0 0 0.9487 0.3162 0 0.3162 -0.9487
		-0.2499 0.7499 -0.125 0.25 0.00133 0 0 0 -1 0 0 0 0 1 0 1 0
		-0.2499 0.7499 0.125 0.312 0.00133 0 0 0 -1 0 0 0 0 1 0 1 0
		-0.2499 1.5 0.125 0.312 0.373 0 0 0 -1 0 0 0 0 1 0 1 0
	KeyFrames: 0

	Head -> NULL  //G:1
	1 1 1 0 0 0 1
		MC_Steve_SG 36
		-0.2499 1.5 0.2499 0.125 0.502 0 0 0 0 0 1 0.7071 0.7071 0 -0.7071 0.7071 0
		0.2499 2 0.2499 0.25 0.749 0 0 0 0 0 1 0.7071 0.7071 0 -0.7071 0.7071 0
		-0.2499 2 0.2499 0.125 0.749 0 0 0 0 0 1 0.7071 0.7071 0 -0.7071 0.7071 0
		-0.2499 1.5 0.2499 0.125 0.502 0 0 0 0 0 1 1 0 0 0 1 0
		0.2499 1.5 0.2499 0.25 0.502 0 0 0 0 0 1 1 0 0 0 1 0
		0.2499 2 0.2499 0.25 0.749 0 0 0 0 0 1 1 0 0 0 1 0
		-0.2499 2 0.2499 0.125 0.749 0 0 0 0 1 0 0.7071 0 -0.7071 -0.7071 0 -0.7071
		0.2499 2 -0.2499 0.25 0.999 0 0 0 0 1 0 0.7071 0 -0.7071 -0.7071 0 -0.7071
		-0.2499 2 -0.2499 0.125 0.999 0 0 0 0 1 0 0.7071 0 -0.7071 -0.7071 0 -0.7071
		-0.2499 2 0.2499 0.125 0.749 0 0 0 0 1 0 1 0 0 0 0 -1
		0.2499 2 0.2499 0.25 0.749 0 0 0 0 1 0 1 0 0 0 0 -1
		0.2499 2 -0.2499 0.25 0.999 0 0 0 0 1 0 1 0 0 0 0 -1
		-0.2499 2 -0.2499 0.499 0.749 0 0 0 0 0 -1 0.7071 -0.7071 0 -0.7071 -0.7071 0
		0.2499 1.5 -0.2499 0.375 0.502 0 0 0 0 0 -1 0.7071 -0.7071 0 -0.7071 -0.7071 0
		-0.2499 1.5 -0.2499 0.499 0.502 0 0 0 0 0 -1 0.7071 -0.7071 0 -0.7071 -0.7071 0
		-0.2499 2 -0.2499 0.499 0.749 0 0 0 0 0 -1 1 0 0 0 -1 0
		0.2499 2 -0.2499 0.375 0.749 0 0 0 0 0 -1 1 0 0 0 -1 0
		0.2499 1.5 -0.2499 0.375 0.502 0 0 0 0 0 -1 1 0 0 0 -1 0
		-0.2499 1.5 -0.2499 0.25 0.75 0 0 0 0 -1 0 0.7071 0 0.7071 -0.7071 0 0.7071
		0.2499 1.5 0.2499 0.375 1 0 0 0 0 -1 0 0.7071 0 0.7071 -0.7071 0 0.7071
		-0.2499 1.5 0.2499 0.25 1 0 0 0 0 -1 0 0.7071 0 0.7071 -0.7071 0 0.7071
		-0.2499 1.5 -0.2499 0.25 0.75 0 0 0 0 -1 0 1 0 0 0 0 1
		0.2499 1.5 -0.2499 0.375 0.75 0 0 0 0 -1 0 1 0 0 0 0 1
		0.2499 1.5 0.2499 0.375 1 0 0 0 0 -1 0 1 0 0 0 0 1
		0.2499 1.5 0.2499 0.25 0.502 0 0 0 1 0 0 0 0.7071 -0.7071 0 0.7071 0.7071
		0.2499 2 -0.2499 0.375 0.749 0 0 0 1 0 0 0 0.7071 -0.7071 0 0.7071 0.7071
		0.2499 2 0.2499 0.25 0.749 0 0 0 1 0 0 0 0.7071 -0.7071 0 0.7071 0.7071
		0.2499 1.5 0.2499 0.25 0.502 0 0 0 1 0 0 0 0 -1 0 1 0
		0.2499 1.5 -0.2499 0.375 0.502 0 0 0 1 0 0 0 0 -1 0 1 0
		0.2499 2 -0.2499 0.375 0.749 0 0 0 1 0 0 0 0 -1 0 1 0
		-0.2499 1.5 -0.2499 0.000383 0.502 0 0 0 -1 0 0 0 0.7071 0.7071 0 0.7071 -0.7071
		-0.2499 2 0.2499 0.125 0.749 0 0 0 -1 0 0 0 0.7071 0.7071 0 0.7071 -0.7071
		-0.2499 2 -0.2499 0.000383 0.749 0 0 0 -1 0 0 0 0.7071 0.7071 0 0.7071 -0.7071
		-0.2499 1.5 -0.2499 0.000383 0.502 0 0 0 -1 0 0 0 0 1 0 1 0
		-0.2499 1.5 0.2499 0.125 0.502 0 0 0 -1 0 0 0 0 1 0 1 0
		-0.2499 2 0.2499 0.125 0.749 0 0 0 -1 0 0 0 0 1 0 1 0
	KeyFrames: 0

	ArmR -> NULL  //G:2
	1 1 1 0 0 0 1
		MC_Steve_SG 36
		-0.5 0.8963 0.4209 0.688 0.00175 0 0 0 0 0.5 0.866 0.3162 0.8216 -0.4743 -0.9487 0.2739 -0.1581
		-0.25 1.546 0.04588 0.751 0.374 0 0 0 0 0.5 0.866 0.3162 0.8216 -0.4743 -0.9487 0.2739 -0.1581
		-0.5 1.546 0.04588 0.688 0.374 0 0 0 0 0.5 0.866 0.3162 0.8216 -0.4743 -0.9487 0.2739 -0.1581
		-0.5 0.8963 0.4209 0.688 0.00175 0 0 0 0 0.5 0.866 1 0 0 0 0.866 -0.5
		-0.25 0.8963 0.4209 0.751 0.00175 0 0 0 0 0.5 0.866 1 0 0 0 0.866 -0.5
		-0.25 1.546 0.04588 0.751 0.374 0 0 0 0 0.5 0.866 1 0 0 0 0.866 -0.5
		-0.5 1.546 0.04588 0.688 0.374 0 0 0 0 0.866 -0.5 0.7071 -0.3536 -0.6124 -0.7071 -0.3536 -0.6124
		-0.25 1.421 -0.1706 0.751 0.501 0 0 0 0 0.866 -0.5 0.7071 -0.3536 -0.6124 -0.7071 -0.3536 -0.6124
		-0.5 1.421 -0.1706 0.688 0.501 0 0 0 0 0.866 -0.5 0.7071 -0.3536 -0.6124 -0.7071 -0.3536 -0.6124
		-0.5 1.546 0.04588 0.688 0.374 0 0 0 0 0.866 -0.5 1 0 0 0 -0.5 -0.866
		-0.25 1.546 0.04588 0.751 0.374 0 0 0 0 0.866 -0.5 1 0 0 0 -0.5 -0.866
		-0.25 1.421 -0.1706 0.751 0.501 0 0 0 0 0.866 -0.5 1 0 0 0 -0.5 -0.866
		-0.5 1.421 -0.1706 0.874 0.374 0 0 0 0 -0.5 -0.866 0.3162 -0.8216 0.4743 -0.9487 -0.2739 0.1581
		-0.25 0.7713 0.2044 0.812 0.00175 0 0 0 0 -0.5 -0.866 0.3162 -0.8216 0.4743 -0.9487 -0.2739 0.1581
		-0.5 0.7713 0.2044 0.874 0.00175 0 0 0 0 -0.5 -0.866 0.3162 -0.8216 0.4743 -0.9487 -0.2739 0.1581
		-0.5 1.421 -0.1706 0.874 0.374 0 0 0 0 -0.5 -0.866 1 0 0 0 -0.866 0.5
		-0.25 1.421 -0.1706 0.812 0.374 0 0 0 0 -0.5 -0.866 1 0 0 0 -0.866 0.5
		-0.25 0.7713 0.2044 0.812 0.00175 0 0 0 0 -0.5 -0.866 1 0 0 0 -0.866 0.5
		-0.5 0.7713 0.2044 0.751 0.374 0 0 0 0 -0.866 0.5 0.7071 0.3536 0.6124 -0.7071 0.3536 0.6124
		-0.25 0.8963 0.4209 0.812 0.501 0 0 0 0 -0.866 0.5 0.7071 0.3536 0.6124 -0.7071 0.3536 0.6124
		-0.5 0.8963 0.4209 0.751 0.501 0 0 0 0 -0.866 0.5 0.7071 0.3536 0.6124 -0.7071 0.3536 0.6124
		-0.5 0.7713 0.2044 0.751 0.374 0 0 0 0 -0.866 0.5 1 0 0 0 0.5 0.866
		-0.25 0.7713 0.2044 0.812 0.374 0 0 0 0 -0.866 0.5 1 0 0 0 0.5 0.866
		-0.25 0.8963 0.4209 0.812 0.501 0 0 0 0 -0.866 0.5 1 0 0 0 0.5 0.866
		-0.25 0.8963 0.4209 0.751 0.00175 0 0 0 1 0 0 0 0.6635 -0.7482 0 0.7482 0.6635
		-0.25 1.421 -0.1706 0.812 0.374 0 0 0 1 0 0 0 0.6635 -0.7482 0 0.7482 0.6635
		-0.25 1.546 0.04588 0.751 0.374 0 0 0 1 0 0 0 0.6635 -0.7482 0 0.7482 0.6635
		-0.25 0.8963 0.4209 0.751 0.00175 0 0 0 1 0 0 0 -0.5 -0.866 0 0.866 -0.5
		-0.25 0.7713 0.2044 0.812 0.00175 0 0 0 1 0 0 0 -0.5 -0.866 0 0.866 -0.5
		-0.25 1.421 -0.1706 0.812 0.374 0 0 0 1 0 0 0 -0.5 -0.866 0 0.866 -0.5
		-0.5 0.7713 0.2044 0.624 0.00175 0 0 0 -1 0 0 0 0.9797 -0.2005 0 -0.2005 -0.9797
		-0.5 1.546 0.04588 0.688 0.374 0 0 0 -1 0 0 0 0.9797 -0.2005 0 -0.2005 -0.9797
		-0.5 1.421 -0.1706 0.624 0.374 0 0 0 -1 0 0 0 0.9797 -0.2005 0 -0.2005 -0.9797
		-0.5 0.7713 0.2044 0.624 0.00175 0 0 0 -1 0 0 0 0.5 0.866 0 0.866 -0.5
		-0.5 0.8963 0.4209 0.688 0.00175 0 0 0 -1 0 0 0 0.5 0.866 0 0.866 -0.5
		-0.5 1.546 0.04588 0.688 0.374 0 0 0 -1 0 0 0 0.5 0.866 0 0.866 -0.5
	KeyFrames: 0

	ArmL -> NULL  //G:3
	1 1 1 0 0 0 1
		MC_Steve_SG 36
		0.4993 0.7713 -0.2044 0.688 0.00175 0 0 0 0 -0.5 0.866 -0.3162 0.8216 0.4743 -0.9487 -0.2739 -0.1581
		0.2493 1.421 0.1706 0.751 0.374 0 0 0 0 -0.5 0.866 -0.3162 0.8216 0.4743 -0.9487 -0.2739 -0.1581
		0.2493 0.7713 -0.2044 0.751 0.00175 0 0 0 0 -0.5 0.866 -0.3162 0.8216 0.4743 -0.9487 -0.2739 -0.1581
		0.4993 0.7713 -0.2044 0.688 0.00175 0 0 0 0 -0.5 0.866 0 0.866 0.5 -1 0 0
		0.4993 1.421 0.1706 0.688 0.374 0 0 0 0 -0.5 0.866 0 0.866 0.5 -1 0 0
		0.2493 1.421 0.1706 0.751 0.374 0 0 0 0 -0.5 0.866 0 0.866 0.5 -1 0 0
		0.4993 1.421 0.1706 0.688 0.374 0 0 0 0 0.866 0.5 -0.7071 0.3536 -0.6124 -0.7071 -0.3536 0.6124
		0.2493 1.546 -0.04588 0.751 0.501 0 0 0 0 0.866 0.5 -0.7071 0.3536 -0.6124 -0.7071 -0.3536 0.6124
		0.2493 1.421 0.1706 0.751 0.374 0 0 0 0 0.866 0.5 -0.7071 0.3536 -0.6124 -0.7071 -0.3536 0.6124
		0.4993 1.421 0.1706 0.688 0.374 0 0 0 0 0.866 0.5 0 0.5 -0.866 -1 0 0
		0.4993 1.546 -0.04588 0.688 0.501 0 0 0 0 0.866 0.5 0 0.5 -0.866 -1 0 0
		0.2493 1.546 -0.04588 0.751 0.501 0 0 0 0 0.866 0.5 0 0.5 -0.866 -1 0 0
		0.4993 1.546 -0.04588 0.874 0.374 0 0 0 0 0.5 -0.866 -0.3162 -0.8216 -0.4743 -0.9487 0.2739 0.1581
		0.2493 0.8963 -0.4209 0.812 0.00175 0 0 0 0 0.5 -0.866 -0.3162 -0.8216 -0.4743 -0.9487 0.2739 0.1581
		0.2493 1.546 -0.04588 0.812 0.374 0 0 0 0 0.5 -0.866 -0.3162 -0.8216 -0.4743 -0.9487 0.2739 0.1581
		0.4993 1.546 -0.04588 0.874 0.374 0 0 0 0 0.5 -0.866 0 -0.866 -0.5 -1 0 0
		0.4993 0.8963 -0.4209 0.874 0.00175 0 0 0 0 0.5 -0.866 0 -0.866 -0.5 -1 0 0
		0.2493 0.8963 -0.4209 0.812 0.00175 0 0 0 0 0.5 -0.866 0 -0.866 -0.5 -1 0 0
		0.4993 0.8963 -0.4209 0.751 0.374 0 0 0 0 -0.866 -0.5 -0.7071 -0.3536 0.6124 -0.7071 0.3536 -0.6124
		0.2493 0.7713 -0.2044 0.812 0.501 0 0 0 0 -0.866 -0.5 -0.7071 -0.3536 0.6124 -0.7071 0.3536 -0.6124
		0.2493 0.8963 -0.4209 0.812 0.374 0 0 0 0 -0.866 -0.5 -0.7071 -0.3536 0.6124 -0.7071 0.3536 -0.6124
		0.4993 0.8963 -0.4209 0.751 0.374 0 0 0 0 -0.866 -0.5 0 -0.5 0.866 -1 0 0
		0.4993 0.7713 -0.2044 0.751 0.501 0 0 0 0 -0.866 -0.5 0 -0.5 0.866 -1 0 0
		0.2493 0.7713 -0.2044 0.812 0.501 0 0 0 0 -0.866 -0.5 0 -0.5 0.866 -1 0 0
		0.2493 0.7713 -0.2044 0.751 0.00175 0 0 0 -1 0 0 0 0.9797 0.2005 0 0.2005 -0.9797
		0.2493 1.546 -0.04588 0.812 0.374 0 0 0 -1 0 0 0 0.9797 0.2005 0 0.2005 -0.9797
		0.2493 0.8963 -0.4209 0.812 0.00175 0 0 0 -1 0 0 0 0.9797 0.2005 0 0.2005 -0.9797
		0.2493 0.7713 -0.2044 0.751 0.00175 0 0 0 -1 0 0 0 0.866 0.5 0 0.5 -0.866
		0.2493 1.421 0.1706 0.751 0.374 0 0 0 -1 0 0 0 0.866 0.5 0 0.5 -0.866
		0.2493 1.546 -0.04588 0.812 0.374 0 0 0 -1 0 0 0 0.866 0.5 0 0.5 -0.866
		0.4993 0.8963 -0.4209 0.624 0.00175 0 0 0 1 0 0 0 0.6635 0.7482 0 -0.7482 0.6635
		0.4993 1.421 0.1706 0.688 0.374 0 0 0 1 0 0 0 0.6635 0.7482 0 -0.7482 0.6635
		0.4993 0.7713 -0.2044 0.688 0.00175 0 0 0 1 0 0 0 0.6635 0.7482 0 -0.7482 0.6635
		0.4993 0.8963 -0.4209 0.624 0.00175 0 0 0 1 0 0 0 0.866 0.5 0 -0.5 0.866
		0.4993 1.546 -0.04588 0.624 0.374 0 0 0 1 0 0 0 0.866 0.5 0 -0.5 0.866
		0.4993 1.421 0.1706 0.688 0.374 0 0 0 1 0 0 0 0.866 0.5 0 -0.5 0.866
	KeyFrames: 0

	LegR -> NULL  //G:4
	1 1 1 0 0 0 1
		MC_Steve_SG 36
		-0.25 0.03778 -0.266 0.0626 0.000716 0 0 0 0 -0.5 0.866 0.3162 0.8216 0.4743 -0.9487 0.2739 0.1581
		0 0.6873 0.109 0.126 0.374 0 0 0 0 -0.5 0.866 0.3162 0.8216 0.4743 -0.9487 0.2739 0.1581
		-0.25 0.6873 0.109 0.0626 0.374 0 0 0 0 -0.5 0.866 0.3162 0.8216 0.4743 -0.9487 0.2739 0.1581
		-0.25 0.03778 -0.266 0.0626 0.000716 0 0 0 0 -0.5 0.866 1 0 0 0 0.866 0.5
		0 0.03778 -0.266 0.126 0.000716 0 0 0 0 -0.5 0.866 1 0 0 0 0.866 0.5
		0 0.6873 0.109 0.126 0.374 0 0 0 0 -0.5 0.866 1 0 0 0 0.866 0.5
		-0.25 0.6873 0.109 0.0626 0.374 0 0 0 0 0.866 0.5 0.7071 0.3536 -0.6124 -0.7071 0.3536 -0.6124
		0 0.8123 -0.1075 0.126 0.501 0 0 0 0 0.866 0.5 0.7071 0.3536 -0.6124 -0.7071 0.3536 -0.6124
		-0.25 0.8123 -0.1075 0.0626 0.501 0 0 0 0 0.866 0.5 0.7071 0.3536 -0.6124 -0.7071 0.3536 -0.6124
		-0.25 0.6873 0.109 0.0626 0.374 0 0 0 0 0.866 0.5 1 0 0 0 0.5 -0.866
		0 0.6873 0.109 0.126 0.374 0 0 0 0 0.866 0.5 1 0 0 0 0.5 -0.866
		0 0.8123 -0.1075 0.126 0.501 0 0 0 0 0.866 0.5 1 0 0 0 0.5 -0.866
		-0.25 0.8123 -0.1075 0.249 0.374 0 0 0 0 0.5 -0.866 0.3162 -0.8216 -0.4743 -0.9487 -0.2739 -0.1581
		0 0.1628 -0.4825 0.187 0.000716 0 0 0 0 0.5 -0.866 0.3162 -0.8216 -0.4743 -0.9487 -0.2739 -0.1581
		-0.25 0.1628 -0.4825 0.249 0.000716 0 0 0 0 0.5 -0.866 0.3162 -0.8216 -0.4743 -0.9487 -0.2739 -0.1581
		-0.25 0.8123 -0.1075 0.249 0.374 0 0 0 0 0.5 -0.866 1 0 0 0 -0.866 -0.5
		0 0.8123 -0.1075 0.187 0.374 0 0 0 0 0.5 -0.866 1 0 0 0 -0.866 -0.5
		0 0.1628 -0.4825 0.187 0.000716 0 0 0 0 0.5 -0.866 1 0 0 0 -0.866 -0.5
		-0.25 0.1628 -0.4825 0.126 0.373 0 0 0 0 -0.866 -0.5 0.7071 -0.3536 0.6124 -0.7071 -0.3536 0.6124
		0 0.03778 -0.266 0.187 0.501 0 0 0 0 -0.866 -0.5 0.7071 -0.3536 0.6124 -0.7071 -0.3536 0.6124
		-0.25 0.03778 -0.266 0.126 0.501 0 0 0 0 -0.866 -0.5 0.7071 -0.3536 0.6124 -0.7071 -0.3536 0.6124
		-0.25 0.1628 -0.4825 0.126 0.373 0 0 0 0 -0.866 -0.5 1 0 0 0 -0.5 0.866
		0 0.1628 -0.4825 0.187 0.373 0 0 0 0 -0.866 -0.5 1 0 0 0 -0.5 0.866
		0 0.03778 -0.266 0.187 0.501 0 0 0 0 -0.866 -0.5 1 0 0 0 -0.5 0.866
		0 0.03778 -0.266 0.126 0.000716 0 0 0 1 0 0 0 0.9797 0.2005 0 -0.2005 0.9797
		0 0.8123 -0.1075 0.187 0.374 0 0 0 1 0 0 0 0.9797 0.2005 0 -0.2005 0.9797
		0 0.6873 0.109 0.126 0.374 0 0 0 1 0 0 0 0.9797 0.2005 0 -0.2005 0.9797
		0 0.03778 -0.266 0.126 0.000716 0 0 0 1 0 0 0 0.5 -0.866 0 0.866 0.5
		0 0.1628 -0.4825 0.187 0.000716 0 0 0 1 0 0 0 0.5 -0.866 0 0.866 0.5
		0 0.8123 -0.1075 0.187 0.374 0 0 0 1 0 0 0 0.5 -0.866 0 0.866 0.5
		-0.25 0.1628 -0.4825 0.000465 0.000716 0 0 0 -1 0 0 0 0.6635 0.7482 0 0.7482 -0.6635
		-0.25 0.6873 0.109 0.0626 0.374 0 0 0 -1 0 0 0 0.6635 0.7482 0 0.7482 -0.6635
		-0.25 0.8123 -0.1075 0.000465 0.374 0 0 0 -1 0 0 0 0.6635 0.7482 0 0.7482 -0.6635
		-0.25 0.1628 -0.4825 0.000465 0.000716 0 0 0 -1 0 0 0 -0.5 0.866 0 0.866 0.5
		-0.25 0.03778 -0.266 0.0626 0.000716 0 0 0 -1 0 0 0 -0.5 0.866 0 0.866 0.5
		-0.25 0.6873 0.109 0.0626 0.374 0 0 0 -1 0 0 0 -0.5 0.866 0 0.866 0.5
	KeyFrames: 0

	LegL -> NULL  //G:5
	1 1 1 0 0 0 1
		MC_Steve_SG 36
		0.25 0.1628 0.4825 0.0626 0.000716 0 0 0 0 0.5 0.866 -0.3162 0.8216 -0.4743 -0.9487 -0.2739 0.1581
		0 0.8123 0.1075 0.126 0.374 0 0 0 0 0.5 0.866 -0.3162 0.8216 -0.4743 -0.9487 -0.2739 0.1581
		0 0.1628 0.4825 0.126 0.000716 0 0 0 0 0.5 0.866 -0.3162 0.8216 -0.4743 -0.9487 -0.2739 0.1581
		0.25 0.1628 0.4825 0.0626 0.000716 0 0 0 0 0.5 0.866 0 0.866 -0.5 -1 0 0
		0.25 0.8123 0.1075 0.0626 0.374 0 0 0 0 0.5 0.866 0 0.866 -0.5 -1 0 0
		0 0.8123 0.1075 0.126 0.374 0 0 0 0 0.5 0.866 0 0.866 -0.5 -1 0 0
		0.25 0.8123 0.1075 0.0626 0.374 0 0 0 0 0.866 -0.5 -0.7071 -0.3536 -0.6124 -0.7071 0.3536 0.6124
		0 0.6873 -0.109 0.126 0.501 0 0 0 0 0.866 -0.5 -0.7071 -0.3536 -0.6124 -0.7071 0.3536 0.6124
		0 0.8123 0.1075 0.126 0.374 0 0 0 0 0.866 -0.5 -0.7071 -0.3536 -0.6124 -0.7071 0.3536 0.6124
		0.25 0.8123 0.1075 0.0626 0.374 0 0 0 0 0.866 -0.5 0 -0.5 -0.866 -1 0 0
		0.25 0.6873 -0.109 0.0626 0.501 0 0 0 0 0.866 -0.5 0 -0.5 -0.866 -1 0 0
		0 0.6873 -0.109 0.126 0.501 0 0 0 0 0.866 -0.5 0 -0.5 -0.866 -1 0 0
		0.25 0.6873 -0.109 0.249 0.374 0 0 0 0 -0.5 -0.866 -0.3162 -0.8216 0.4743 -0.9487 0.2739 -0.1581
		0 0.03778 0.266 0.187 0.000716 0 0 0 0 -0.5 -0.866 -0.3162 -0.8216 0.4743 -0.9487 0.2739 -0.1581
		0 0.6873 -0.109 0.187 0.374 0 0 0 0 -0.5 -0.866 -0.3162 -0.8216 0.4743 -0.9487 0.2739 -0.1581
		0.25 0.6873 -0.109 0.249 0.374 0 0 0 0 -0.5 -0.866 0 -0.866 0.5 -1 0 0
		0.25 0.03778 0.266 0.249 0.000716 0 0 0 0 -0.5 -0.866 0 -0.866 0.5 -1 0 0
		0 0.03778 0.266 0.187 0.000716 0 0 0 0 -0.5 -0.866 0 -0.866 0.5 -1 0 0
		0.25 0.03778 0.266 0.126 0.373 0 0 0 0 -0.866 0.5 -0.7071 0.3536 0.6124 -0.7071 -0.3536 -0.6124
		0 0.1628 0.4825 0.187 0.501 0 0 0 0 -0.866 0.5 -0.7071 0.3536 0.6124 -0.7071 -0.3536 -0.6124
		0 0.03778 0.266 0.187 0.373 0 0 0 0 -0.866 0.5 -0.7071 0.3536 0.6124 -0.7071 -0.3536 -0.6124
		0.25 0.03778 0.266 0.126 0.373 0 0 0 0 -0.866 0.5 0 0.5 0.866 -1 0 0
		0.25 0.1628 0.4825 0.126 0.501 0 0 0 0 -0.866 0.5 0 0.5 0.866 -1 0 0
		0 0.1628 0.4825 0.187 0.501 0 0 0 0 -0.866 0.5 0 0.5 0.866 -1 0 0
		0 0.1628 0.4825 0.126 0.000716 0 0 0 -1 0 0 0 0.6635 -0.7482 0 -0.7482 -0.6635
		0 0.6873 -0.109 0.187 0.374 0 0 0 -1 0 0 0 0.6635 -0.7482 0 -0.7482 -0.6635
		0 0.03778 0.266 0.187 0.000716 0 0 0 -1 0 0 0 0.6635 -0.7482 0 -0.7482 -0.6635
		0 0.1628 0.4825 0.126 0.000716 0 0 0 -1 0 0 0 0.866 -0.5 0 -0.5 -0.866
		0 0.8123 0.1075 0.126 0.374 0 0 0 -1 0 0 0 0.866 -0.5 0 -0.5 -0.866
		0 0.6873 -0.109 0.187 0.374 0 0 0 -1 0 0 0 0.866 -0.5 0 -0.5 -0.866
		0.25 0.03778 0.266 0.000465 0.000716 0 0 0 1 0 0 0 0.9797 -0.2005 0 0.2005 0.9797
		0.25 0.8123 0.1075 0.0626 0.374 0 0 0 1 0 0 0 0.9797 -0.2005 0 0.2005 0.9797
		0.25 0.1628 0.4825 0.0626 0.000716 0 0 0 1 0 0 0 0.9797 -0.2005 0 0.2005 0.9797
		0.25 0.03778 0.266 0.000465 0.000716 0 0 0 1 0 0 0 0.866 -0.5 0 0.5 0.866
		0.25 0.6873 -0.109 0.000465 0.374 0 0 0 1 0 0 0 0.866 -0.5 0 0.5 0.866
		0.25 0.8123 0.1075 0.0626 0.374 0 0 0 1 0 0 0 0.866 -0.5 0 0.5 0.866
	KeyFrames: 0


Sequences: 1
 #Name ( FirstFrame | LastFrame | FrameRate )
	Default ( 0 | 1 | 30 ) //0

States: 1
	# Name ( SequenceName | Breakable | Transitional | Loop ) // Index
	Default ( Default | 0 | 0 | 1 ) //0

	Exits:
		# Ex: CurrentState -> NextState
