# ASCII Text Object file created from the model MC_Zombie.obj
# 2015-10-7 | 22:30:55
# Made by Alberto Bobadilla (labigm@rit.edu)
Version: 1.0

Materials: 1
	MC_Zombie_SG
		Diffuse: 0 0 0
		DiffuseMap: DefZombie1024.png
		NormalMap: NULL
		SpecularMap: NULL

Frames: 1

Groups: 6
	#Name -> Parent
	#HP Visible Collidable pivotX pivotY pivotZ ShapeCount
		#Name MaterialName VertexCount
		#(Vertex, UV, Color, Normal, Tangent, Binormal)
	#KeyFrames: #
		#N, V, Tx, Ty, Tz, Rx, Ry, Rz, Sx, Sy, Sz
	mc_zombie -> NULL  //G:0
	1 1 1 0 0 0 1
		MC_Zombie_SG 36
		-0.2499 1.5 0.2499 0.125 0.502 0 0 0 0 0 1 0.7071 0.7071 0 -0.7071 0.7071 0
		0.2499 2 0.2499 0.25 0.749 0 0 0 0 0 1 0.7071 0.7071 0 -0.7071 0.7071 0
		-0.2499 2 0.2499 0.125 0.749 0 0 0 0 0 1 0.7071 0.7071 0 -0.7071 0.7071 0
		-0.2499 1.5 0.2499 0.125 0.502 0 0 0 0 0 1 1 0 0 0 1 0
		0.2499 1.5 0.2499 0.25 0.502 0 0 0 0 0 1 1 0 0 0 1 0
		0.2499 2 0.2499 0.25 0.749 0 0 0 0 0 1 1 0 0 0 1 0
		-0.2499 2 0.2499 0.125 0.749 0 0 0 0 1 0 0.7071 0 -0.7071 -0.7071 0 -0.7071
		0.2499 2 -0.2499 0.25 0.999 0 0 0 0 1 0 0.7071 0 -0.7071 -0.7071 0 -0.7071
		-0.2499 2 -0.2499 0.125 0.999 0 0 0 0 1 0 0.7071 0 -0.7071 -0.7071 0 -0.7071
		-0.2499 2 0.2499 0.125 0.749 0 0 0 0 1 0 1 0 0 0 0 -1
		0.2499 2 0.2499 0.25 0.749 0 0 0 0 1 0 1 0 0 0 0 -1
		0.2499 2 -0.2499 0.25 0.999 0 0 0 0 1 0 1 0 0 0 0 -1
		-0.2499 2 -0.2499 0.499 0.749 0 0 0 0 0 -1 0.7071 -0.7071 0 -0.7071 -0.7071 0
		0.2499 1.5 -0.2499 0.375 0.502 0 0 0 0 0 -1 0.7071 -0.7071 0 -0.7071 -0.7071 0
		-0.2499 1.5 -0.2499 0.499 0.502 0 0 0 0 0 -1 0.7071 -0.7071 0 -0.7071 -0.7071 0
		-0.2499 2 -0.2499 0.499 0.749 0 0 0 0 0 -1 1 0 0 0 -1 0
		0.2499 2 -0.2499 0.375 0.749 0 0 0 0 0 -1 1 0 0 0 -1 0
		0.2499 1.5 -0.2499 0.375 0.502 0 0 0 0 0 -1 1 0 0 0 -1 0
		-0.2499 1.5 -0.2499 0.25 0.75 0 0 0 0 -1 0 0.7071 0 0.7071 -0.7071 0 0.7071
		0.2499 1.5 0.2499 0.375 1 0 0 0 0 -1 0 0.7071 0 0.7071 -0.7071 0 0.7071
		-0.2499 1.5 0.2499 0.25 1 0 0 0 0 -1 0 0.7071 0 0.7071 -0.7071 0 0.7071
		-0.2499 1.5 -0.2499 0.25 0.75 0 0 0 0 -1 0 1 0 0 0 0 1
		0.2499 1.5 -0.2499 0.375 0.75 0 0 0 0 -1 0 1 0 0 0 0 1
		0.2499 1.5 0.2499 0.375 1 0 0 0 0 -1 0 1 0 0 0 0 1
		0.2499 1.5 0.2499 0.25 0.502 0 0 0 1 0 0 0 0.7071 -0.7071 0 0.7071 0.7071
		0.2499 2 -0.2499 0.375 0.749 0 0 0 1 0 0 0 0.7071 -0.7071 0 0.7071 0.7071
		0.2499 2 0.2499 0.25 0.749 0 0 0 1 0 0 0 0.7071 -0.7071 0 0.7071 0.7071
		0.2499 1.5 0.2499 0.25 0.502 0 0 0 1 0 0 0 0 -1 0 1 0
		0.2499 1.5 -0.2499 0.375 0.502 0 0 0 1 0 0 0 0 -1 0 1 0
		0.2499 2 -0.2499 0.375 0.749 0 0 0 1 0 0 0 0 -1 0 1 0
		-0.2499 1.5 -0.2499 0.000383 0.502 0 0 0 -1 0 0 0 0.7071 0.7071 0 0.7071 -0.7071
		-0.2499 2 0.2499 0.125 0.749 0 0 0 -1 0 0 0 0.7071 0.7071 0 0.7071 -0.7071
		-0.2499 2 -0.2499 0.000383 0.749 0 0 0 -1 0 0 0 0.7071 0.7071 0 0.7071 -0.7071
		-0.2499 1.5 -0.2499 0.000383 0.502 0 0 0 -1 0 0 0 0 1 0 1 0
		-0.2499 1.5 0.2499 0.125 0.502 0 0 0 -1 0 0 0 0 1 0 1 0
		-0.2499 2 0.2499 0.125 0.749 0 0 0 -1 0 0 0 0 1 0 1 0
	KeyFrames: 0

	mc_zombie_body -> NULL  //G:1
	1 1 1 0 0 0 1
		MC_Zombie_SG 36
		-0.2499 0.7499 0.125 0.312 0.00133 0 0 0 0 0 1 0.5546 0.8321 0 -0.8321 0.5546 0
		0.2499 1.5 0.125 0.438 0.373 0 0 0 0 0 1 0.5546 0.8321 0 -0.8321 0.5546 0
		-0.2499 1.5 0.125 0.312 0.373 0 0 0 0 0 1 0.5546 0.8321 0 -0.8321 0.5546 0
		-0.2499 0.7499 0.125 0.312 0.00133 0 0 0 0 0 1 1 0 0 0 1 0
		0.2499 0.7499 0.125 0.438 0.00133 0 0 0 0 0 1 1 0 0 0 1 0
		0.2499 1.5 0.125 0.438 0.373 0 0 0 0 0 1 1 0 0 0 1 0
		-0.2499 1.5 0.125 0.312 0.373 0 0 0 0 1 0 0.8944 0 -0.4473 -0.4473 0 -0.8944
		0.2499 1.5 -0.125 0.438 0.502 0 0 0 0 1 0 0.8944 0 -0.4473 -0.4473 0 -0.8944
		-0.2499 1.5 -0.125 0.312 0.502 0 0 0 0 1 0 0.8944 0 -0.4473 -0.4473 0 -0.8944
		-0.2499 1.5 0.125 0.312 0.373 0 0 0 0 1 0 1 0 0 0 0 -1
		0.2499 1.5 0.125 0.438 0.373 0 0 0 0 1 0 1 0 0 0 0 -1
		0.2499 1.5 -0.125 0.438 0.502 0 0 0 0 1 0 1 0 0 0 0 -1
		-0.2499 1.5 -0.125 0.624 0.373 0 0 0 0 0 -1 0.5546 -0.8321 0 -0.8321 -0.5546 0
		0.2499 0.7499 -0.125 0.5 0.00133 0 0 0 0 0 -1 0.5546 -0.8321 0 -0.8321 -0.5546 0
		-0.2499 0.7499 -0.125 0.624 0.00133 0 0 0 0 0 -1 0.5546 -0.8321 0 -0.8321 -0.5546 0
		-0.2499 1.5 -0.125 0.624 0.373 0 0 0 0 0 -1 1 0 0 0 -1 0
		0.2499 1.5 -0.125 0.5 0.373 0 0 0 0 0 -1 1 0 0 0 -1 0
		0.2499 0.7499 -0.125 0.5 0.00133 0 0 0 0 0 -1 1 0 0 0 -1 0
		-0.2499 0.7499 -0.125 0.437 0.501 0 0 0 0 -1 0 0.8944 0 0.4473 -0.4473 0 0.8944
		0.2499 0.7499 0.125 0.562 0.373 0 0 0 0 -1 0 0.8944 0 0.4473 -0.4473 0 0.8944
		-0.2499 0.7499 0.125 0.562 0.501 0 0 0 0 -1 0 0.8944 0 0.4473 -0.4473 0 0.8944
		-0.2499 0.7499 -0.125 0.437 0.501 0 0 0 0 -1 0 1 0 0 0 0 1
		0.2499 0.7499 -0.125 0.437 0.373 0 0 0 0 -1 0 1 0 0 0 0 1
		0.2499 0.7499 0.125 0.562 0.373 0 0 0 0 -1 0 1 0 0 0 0 1
		0.2499 0.7499 0.125 0.438 0.00133 0 0 0 1 0 0 0 0.9487 -0.3162 0 0.3162 0.9487
		0.2499 1.5 -0.125 0.5 0.373 0 0 0 1 0 0 0 0.9487 -0.3162 0 0.3162 0.9487
		0.2499 1.5 0.125 0.438 0.373 0 0 0 1 0 0 0 0.9487 -0.3162 0 0.3162 0.9487
		0.2499 0.7499 0.125 0.438 0.00133 0 0 0 1 0 0 0 0 -1 0 1 0
		0.2499 0.7499 -0.125 0.5 0.00133 0 0 0 1 0 0 0 0 -1 0 1 0
		0.2499 1.5 -0.125 0.5 0.373 0 0 0 1 0 0 0 0 -1 0 1 0
		-0.2499 0.7499 -0.125 0.25 0.00133 0 0 0 -1 0 0 0 0.9487 0.3162 0 0.3162 -0.9487
		-0.2499 1.5 0.125 0.312 0.373 0 0 0 -1 0 0 0 0.9487 0.3162 0 0.3162 -0.9487
		-0.2499 1.5 -0.125 0.25 0.373 0 0 0 -1 0 0 0 0.9487 0.3162 0 0.3162 -0.9487
		-0.2499 0.7499 -0.125 0.25 0.00133 0 0 0 -1 0 0 0 0 1 0 1 0
		-0.2499 0.7499 0.125 0.312 0.00133 0 0 0 -1 0 0 0 0 1 0 1 0
		-0.2499 1.5 0.125 0.312 0.373 0 0 0 -1 0 0 0 0 1 0 1 0
	KeyFrames: 0

	mc_zombie_Rarm -> NULL  //G:2
	1 1 1 0 0 0 1
		MC_Zombie_SG 36
		-0.5 1.47 0.7545 0.688 0.00175 0 0 0 0 0.9976 0.06938 0.3162 0.06582 -0.9464 -0.9487 0.02194 -0.3155
		-0.25 1.522 0.006285 0.751 0.374 0 0 0 0 0.9976 0.06938 0.3162 0.06582 -0.9464 -0.9487 0.02194 -0.3155
		-0.5 1.522 0.006285 0.688 0.374 0 0 0 0 0.9976 0.06938 0.3162 0.06582 -0.9464 -0.9487 0.02194 -0.3155
		-0.5 1.47 0.7545 0.688 0.00175 0 0 0 0 0.9976 0.06938 1 0 0 0 0.06938 -0.9976
		-0.25 1.47 0.7545 0.751 0.00175 0 0 0 0 0.9976 0.06938 1 0 0 0 0.06938 -0.9976
		-0.25 1.522 0.006285 0.751 0.374 0 0 0 0 0.9976 0.06938 1 0 0 0 0.06938 -0.9976
		-0.5 1.522 0.006285 0.688 0.374 0 0 0 0 0.06938 -0.9976 0.7071 -0.7054 -0.04906 -0.7071 -0.7054 -0.04906
		-0.25 1.273 -0.01106 0.751 0.501 0 0 0 0 0.06938 -0.9976 0.7071 -0.7054 -0.04906 -0.7071 -0.7054 -0.04906
		-0.5 1.273 -0.01106 0.688 0.501 0 0 0 0 0.06938 -0.9976 0.7071 -0.7054 -0.04906 -0.7071 -0.7054 -0.04906
		-0.5 1.522 0.006285 0.688 0.374 0 0 0 0 0.06938 -0.9976 1 0 0 0 -0.9976 -0.06938
		-0.25 1.522 0.006285 0.751 0.374 0 0 0 0 0.06938 -0.9976 1 0 0 0 -0.9976 -0.06938
		-0.25 1.273 -0.01106 0.751 0.501 0 0 0 0 0.06938 -0.9976 1 0 0 0 -0.9976 -0.06938
		-0.5 1.273 -0.01106 0.874 0.374 0 0 0 0 -0.9976 -0.06938 0.3162 -0.06582 0.9464 -0.9487 -0.02194 0.3155
		-0.25 1.221 0.7371 0.812 0.00175 0 0 0 0 -0.9976 -0.06938 0.3162 -0.06582 0.9464 -0.9487 -0.02194 0.3155
		-0.5 1.221 0.7371 0.874 0.00175 0 0 0 0 -0.9976 -0.06938 0.3162 -0.06582 0.9464 -0.9487 -0.02194 0.3155
		-0.5 1.273 -0.01106 0.874 0.374 0 0 0 0 -0.9976 -0.06938 1 0 0 0 -0.06938 0.9976
		-0.25 1.273 -0.01106 0.812 0.374 0 0 0 0 -0.9976 -0.06938 1 0 0 0 -0.06938 0.9976
		-0.25 1.221 0.7371 0.812 0.00175 0 0 0 0 -0.9976 -0.06938 1 0 0 0 -0.06938 0.9976
		-0.5 1.221 0.7371 0.751 0.374 0 0 0 0 -0.06938 0.9976 0.7071 0.7054 0.04906 -0.7071 0.7054 0.04906
		-0.25 1.47 0.7545 0.812 0.501 0 0 0 0 -0.06938 0.9976 0.7071 0.7054 0.04906 -0.7071 0.7054 0.04906
		-0.5 1.47 0.7545 0.751 0.501 0 0 0 0 -0.06938 0.9976 0.7071 0.7054 0.04906 -0.7071 0.7054 0.04906
		-0.5 1.221 0.7371 0.751 0.374 0 0 0 0 -0.06938 0.9976 1 0 0 0 0.9976 0.06938
		-0.25 1.221 0.7371 0.812 0.374 0 0 0 0 -0.06938 0.9976 1 0 0 0 0.9976 0.06938
		-0.25 1.47 0.7545 0.812 0.501 0 0 0 0 -0.06938 0.9976 1 0 0 0 0.9976 0.06938
		-0.25 1.47 0.7545 0.751 0.00175 0 0 0 1 0 0 0 -0.2496 -0.9683 0 0.9683 -0.2496
		-0.25 1.273 -0.01106 0.812 0.374 0 0 0 1 0 0 0 -0.2496 -0.9683 0 0.9683 -0.2496
		-0.25 1.522 0.006285 0.751 0.374 0 0 0 1 0 0 0 -0.2496 -0.9683 0 0.9683 -0.2496
		-0.25 1.47 0.7545 0.751 0.00175 0 0 0 1 0 0 0 -0.9976 -0.06938 0 0.06938 -0.9976
		-0.25 1.221 0.7371 0.812 0.00175 0 0 0 1 0 0 0 -0.9976 -0.06938 0 0.06938 -0.9976
		-0.25 1.273 -0.01106 0.812 0.374 0 0 0 1 0 0 0 -0.9976 -0.06938 0 0.06938 -0.9976
		-0.5 1.221 0.7371 0.624 0.00175 0 0 0 -1 0 0 0 0.3813 -0.9245 0 -0.9245 -0.3813
		-0.5 1.522 0.006285 0.688 0.374 0 0 0 -1 0 0 0 0.3813 -0.9245 0 -0.9245 -0.3813
		-0.5 1.273 -0.01106 0.624 0.374 0 0 0 -1 0 0 0 0.3813 -0.9245 0 -0.9245 -0.3813
		-0.5 1.221 0.7371 0.624 0.00175 0 0 0 -1 0 0 0 0.9976 0.06938 0 0.06938 -0.9976
		-0.5 1.47 0.7545 0.688 0.00175 0 0 0 -1 0 0 0 0.9976 0.06938 0 0.06938 -0.9976
		-0.5 1.522 0.006285 0.688 0.374 0 0 0 -1 0 0 0 0.9976 0.06938 0 0.06938 -0.9976
	KeyFrames: 0

	mc_zombie_Rleg -> NULL  //G:3
	1 1 1 0 0 0 1
		MC_Zombie_SG 36
		-0.25 -0.01036 -0.003016 0.0626 0.000716 0 0 0 0 -0.1686 0.9857 0.3162 0.9351 0.16 -0.9487 0.3117 0.05333
		0 0.7289 0.1235 0.126 0.374 0 0 0 0 -0.1686 0.9857 0.3162 0.9351 0.16 -0.9487 0.3117 0.05333
		-0.25 0.7289 0.1235 0.0626 0.374 0 0 0 0 -0.1686 0.9857 0.3162 0.9351 0.16 -0.9487 0.3117 0.05333
		-0.25 -0.01036 -0.003016 0.0626 0.000716 0 0 0 0 -0.1686 0.9857 1 0 0 0 0.9857 0.1686
		0 -0.01036 -0.003016 0.126 0.000716 0 0 0 0 -0.1686 0.9857 1 0 0 0 0.9857 0.1686
		0 0.7289 0.1235 0.126 0.374 0 0 0 0 -0.1686 0.9857 1 0 0 0 0.9857 0.1686
		-0.25 0.7289 0.1235 0.0626 0.374 0 0 0 0 0.9857 0.1686 0.7071 0.1192 -0.697 -0.7071 0.1192 -0.697
		0 0.7711 -0.123 0.126 0.501 0 0 0 0 0.9857 0.1686 0.7071 0.1192 -0.697 -0.7071 0.1192 -0.697
		-0.25 0.7711 -0.123 0.0626 0.501 0 0 0 0 0.9857 0.1686 0.7071 0.1192 -0.697 -0.7071 0.1192 -0.697
		-0.25 0.7289 0.1235 0.0626 0.374 0 0 0 0 0.9857 0.1686 1 0 0 0 0.1686 -0.9857
		0 0.7289 0.1235 0.126 0.374 0 0 0 0 0.9857 0.1686 1 0 0 0 0.1686 -0.9857
		0 0.7711 -0.123 0.126 0.501 0 0 0 0 0.9857 0.1686 1 0 0 0 0.1686 -0.9857
		-0.25 0.7711 -0.123 0.249 0.374 0 0 0 0 0.1686 -0.9857 0.3162 -0.9351 -0.16 -0.9487 -0.3117 -0.05333
		0 0.0318 -0.2494 0.187 0.000716 0 0 0 0 0.1686 -0.9857 0.3162 -0.9351 -0.16 -0.9487 -0.3117 -0.05333
		-0.25 0.0318 -0.2494 0.249 0.000716 0 0 0 0 0.1686 -0.9857 0.3162 -0.9351 -0.16 -0.9487 -0.3117 -0.05333
		-0.25 0.7711 -0.123 0.249 0.374 0 0 0 0 0.1686 -0.9857 1 0 0 0 -0.9857 -0.1686
		0 0.7711 -0.123 0.187 0.374 0 0 0 0 0.1686 -0.9857 1 0 0 0 -0.9857 -0.1686
		0 0.0318 -0.2494 0.187 0.000716 0 0 0 0 0.1686 -0.9857 1 0 0 0 -0.9857 -0.1686
		-0.25 0.0318 -0.2494 0.126 0.373 0 0 0 0 -0.9857 -0.1686 0.7071 -0.1192 0.697 -0.7071 -0.1192 0.697
		0 -0.01036 -0.003016 0.187 0.501 0 0 0 0 -0.9857 -0.1686 0.7071 -0.1192 0.697 -0.7071 -0.1192 0.697
		-0.25 -0.01036 -0.003016 0.126 0.501 0 0 0 0 -0.9857 -0.1686 0.7071 -0.1192 0.697 -0.7071 -0.1192 0.697
		-0.25 0.0318 -0.2494 0.126 0.373 0 0 0 0 -0.9857 -0.1686 1 0 0 0 -0.1686 0.9857
		0 0.0318 -0.2494 0.187 0.373 0 0 0 0 -0.9857 -0.1686 1 0 0 0 -0.1686 0.9857
		0 -0.01036 -0.003016 0.187 0.501 0 0 0 0 -0.9857 -0.1686 1 0 0 0 -0.1686 0.9857
		0 -0.01036 -0.003016 0.126 0.000716 0 0 0 1 0 0 0 0.9884 -0.1517 0 0.1517 0.9884
		0 0.7711 -0.123 0.187 0.374 0 0 0 1 0 0 0 0.9884 -0.1517 0 0.1517 0.9884
		0 0.7289 0.1235 0.126 0.374 0 0 0 1 0 0 0 0.9884 -0.1517 0 0.1517 0.9884
		0 -0.01036 -0.003016 0.126 0.000716 0 0 0 1 0 0 0 0.1686 -0.9857 0 0.9857 0.1686
		0 0.0318 -0.2494 0.187 0.000716 0 0 0 1 0 0 0 0.1686 -0.9857 0 0.9857 0.1686
		0 0.7711 -0.123 0.187 0.374 0 0 0 1 0 0 0 0.1686 -0.9857 0 0.9857 0.1686
		-0.25 0.0318 -0.2494 0.000465 0.000716 0 0 0 -1 0 0 0 0.8818 0.4717 0 0.4717 -0.8818
		-0.25 0.7289 0.1235 0.0626 0.374 0 0 0 -1 0 0 0 0.8818 0.4717 0 0.4717 -0.8818
		-0.25 0.7711 -0.123 0.000465 0.374 0 0 0 -1 0 0 0 0.8818 0.4717 0 0.4717 -0.8818
		-0.25 0.0318 -0.2494 0.000465 0.000716 0 0 0 -1 0 0 0 -0.1686 0.9857 0 0.9857 0.1686
		-0.25 -0.01036 -0.003016 0.0626 0.000716 0 0 0 -1 0 0 0 -0.1686 0.9857 0 0.9857 0.1686
		-0.25 0.7289 0.1235 0.0626 0.374 0 0 0 -1 0 0 0 -0.1686 0.9857 0 0.9857 0.1686
	KeyFrames: 0

	mc_zombie_Larm -> NULL  //G:4
	1 1 1 0 0 0 1
		MC_Zombie_SG 36
		0.4993 1.47 0.7545 0.688 0.00175 0 0 0 0 0.9976 0.06938 -0.3162 0.06582 -0.9464 -0.9487 -0.02194 0.3155
		0.2493 1.522 0.006285 0.751 0.374 0 0 0 0 0.9976 0.06938 -0.3162 0.06582 -0.9464 -0.9487 -0.02194 0.3155
		0.2493 1.47 0.7545 0.751 0.00175 0 0 0 0 0.9976 0.06938 -0.3162 0.06582 -0.9464 -0.9487 -0.02194 0.3155
		0.4993 1.47 0.7545 0.688 0.00175 0 0 0 0 0.9976 0.06938 0 0.06938 -0.9976 -1 0 0
		0.4993 1.522 0.006285 0.688 0.374 0 0 0 0 0.9976 0.06938 0 0.06938 -0.9976 -1 0 0
		0.2493 1.522 0.006285 0.751 0.374 0 0 0 0 0.9976 0.06938 0 0.06938 -0.9976 -1 0 0
		0.4993 1.522 0.006285 0.688 0.374 0 0 0 0 0.06938 -0.9976 -0.7071 -0.7054 -0.04906 -0.7071 0.7054 0.04906
		0.2493 1.273 -0.01106 0.751 0.501 0 0 0 0 0.06938 -0.9976 -0.7071 -0.7054 -0.04906 -0.7071 0.7054 0.04906
		0.2493 1.522 0.006285 0.751 0.374 0 0 0 0 0.06938 -0.9976 -0.7071 -0.7054 -0.04906 -0.7071 0.7054 0.04906
		0.4993 1.522 0.006285 0.688 0.374 0 0 0 0 0.06938 -0.9976 0 -0.9976 -0.06938 -1 0 0
		0.4993 1.273 -0.01106 0.688 0.501 0 0 0 0 0.06938 -0.9976 0 -0.9976 -0.06938 -1 0 0
		0.2493 1.273 -0.01106 0.751 0.501 0 0 0 0 0.06938 -0.9976 0 -0.9976 -0.06938 -1 0 0
		0.4993 1.273 -0.01106 0.874 0.374 0 0 0 0 -0.9976 -0.06938 -0.3162 -0.06582 0.9464 -0.9487 0.02194 -0.3155
		0.2493 1.221 0.7371 0.812 0.00175 0 0 0 0 -0.9976 -0.06938 -0.3162 -0.06582 0.9464 -0.9487 0.02194 -0.3155
		0.2493 1.273 -0.01106 0.812 0.374 0 0 0 0 -0.9976 -0.06938 -0.3162 -0.06582 0.9464 -0.9487 0.02194 -0.3155
		0.4993 1.273 -0.01106 0.874 0.374 0 0 0 0 -0.9976 -0.06938 0 -0.06938 0.9976 -1 0 0
		0.4993 1.221 0.7371 0.874 0.00175 0 0 0 0 -0.9976 -0.06938 0 -0.06938 0.9976 -1 0 0
		0.2493 1.221 0.7371 0.812 0.00175 0 0 0 0 -0.9976 -0.06938 0 -0.06938 0.9976 -1 0 0
		0.4993 1.221 0.7371 0.751 0.374 0 0 0 0 -0.06938 0.9976 -0.7071 0.7054 0.04906 -0.7071 -0.7054 -0.04906
		0.2493 1.47 0.7545 0.812 0.501 0 0 0 0 -0.06938 0.9976 -0.7071 0.7054 0.04906 -0.7071 -0.7054 -0.04906
		0.2493 1.221 0.7371 0.812 0.374 0 0 0 0 -0.06938 0.9976 -0.7071 0.7054 0.04906 -0.7071 -0.7054 -0.04906
		0.4993 1.221 0.7371 0.751 0.374 0 0 0 0 -0.06938 0.9976 0 0.9976 0.06938 -1 0 0
		0.4993 1.47 0.7545 0.751 0.501 0 0 0 0 -0.06938 0.9976 0 0.9976 0.06938 -1 0 0
		0.2493 1.47 0.7545 0.812 0.501 0 0 0 0 -0.06938 0.9976 0 0.9976 0.06938 -1 0 0
		0.2493 1.47 0.7545 0.751 0.00175 0 0 0 -1 0 0 0 -0.2496 -0.9683 0 -0.9683 0.2496
		0.2493 1.273 -0.01106 0.812 0.374 0 0 0 -1 0 0 0 -0.2496 -0.9683 0 -0.9683 0.2496
		0.2493 1.221 0.7371 0.812 0.00175 0 0 0 -1 0 0 0 -0.2496 -0.9683 0 -0.9683 0.2496
		0.2493 1.47 0.7545 0.751 0.00175 0 0 0 -1 0 0 0 0.06938 -0.9976 0 -0.9976 -0.06938
		0.2493 1.522 0.006285 0.751 0.374 0 0 0 -1 0 0 0 0.06938 -0.9976 0 -0.9976 -0.06938
		0.2493 1.273 -0.01106 0.812 0.374 0 0 0 -1 0 0 0 0.06938 -0.9976 0 -0.9976 -0.06938
		0.4993 1.221 0.7371 0.624 0.00175 0 0 0 1 0 0 0 0.3813 -0.9245 0 0.9245 0.3813
		0.4993 1.522 0.006285 0.688 0.374 0 0 0 1 0 0 0 0.3813 -0.9245 0 0.9245 0.3813
		0.4993 1.47 0.7545 0.688 0.00175 0 0 0 1 0 0 0 0.3813 -0.9245 0 0.9245 0.3813
		0.4993 1.221 0.7371 0.624 0.00175 0 0 0 1 0 0 0 0.06938 -0.9976 0 0.9976 0.06938
		0.4993 1.273 -0.01106 0.624 0.374 0 0 0 1 0 0 0 0.06938 -0.9976 0 0.9976 0.06938
		0.4993 1.522 0.006285 0.688 0.374 0 0 0 1 0 0 0 0.06938 -0.9976 0 0.9976 0.06938
	KeyFrames: 0

	mc_zombie_Lleg -> NULL  //G:5
	1 1 1 0 0 0 1
		MC_Zombie_SG 36
		0.25 0.0318 0.2494 0.0626 0.000716 0 0 0 0 0.1686 0.9857 -0.3162 0.9351 -0.16 -0.9487 -0.3117 0.05333
		0 0.7711 0.123 0.126 0.374 0 0 0 0 0.1686 0.9857 -0.3162 0.9351 -0.16 -0.9487 -0.3117 0.05333
		0 0.0318 0.2494 0.126 0.000716 0 0 0 0 0.1686 0.9857 -0.3162 0.9351 -0.16 -0.9487 -0.3117 0.05333
		0.25 0.0318 0.2494 0.0626 0.000716 0 0 0 0 0.1686 0.9857 0 0.9857 -0.1686 -1 0 0
		0.25 0.7711 0.123 0.0626 0.374 0 0 0 0 0.1686 0.9857 0 0.9857 -0.1686 -1 0 0
		0 0.7711 0.123 0.126 0.374 0 0 0 0 0.1686 0.9857 0 0.9857 -0.1686 -1 0 0
		0.25 0.7711 0.123 0.0626 0.374 0 0 0 0 0.9857 -0.1686 -0.7071 -0.1192 -0.697 -0.7071 0.1192 0.697
		0 0.7289 -0.1235 0.126 0.501 0 0 0 0 0.9857 -0.1686 -0.7071 -0.1192 -0.697 -0.7071 0.1192 0.697
		0 0.7711 0.123 0.126 0.374 0 0 0 0 0.9857 -0.1686 -0.7071 -0.1192 -0.697 -0.7071 0.1192 0.697
		0.25 0.7711 0.123 0.0626 0.374 0 0 0 0 0.9857 -0.1686 0 -0.1686 -0.9857 -1 0 0
		0.25 0.7289 -0.1235 0.0626 0.501 0 0 0 0 0.9857 -0.1686 0 -0.1686 -0.9857 -1 0 0
		0 0.7289 -0.1235 0.126 0.501 0 0 0 0 0.9857 -0.1686 0 -0.1686 -0.9857 -1 0 0
		0.25 0.7289 -0.1235 0.249 0.374 0 0 0 0 -0.1686 -0.9857 -0.3162 -0.9351 0.16 -0.9487 0.3117 -0.05333
		0 -0.01036 0.003016 0.187 0.000716 0 0 0 0 -0.1686 -0.9857 -0.3162 -0.9351 0.16 -0.9487 0.3117 -0.05333
		0 0.7289 -0.1235 0.187 0.374 0 0 0 0 -0.1686 -0.9857 -0.3162 -0.9351 0.16 -0.9487 0.3117 -0.05333
		0.25 0.7289 -0.1235 0.249 0.374 0 0 0 0 -0.1686 -0.9857 0 -0.9857 0.1686 -1 0 0
		0.25 -0.01036 0.003016 0.249 0.000716 0 0 0 0 -0.1686 -0.9857 0 -0.9857 0.1686 -1 0 0
		0 -0.01036 0.003016 0.187 0.000716 0 0 0 0 -0.1686 -0.9857 0 -0.9857 0.1686 -1 0 0
		0.25 -0.01036 0.003016 0.126 0.373 0 0 0 0 -0.9857 0.1686 -0.7071 0.1192 0.697 -0.7071 -0.1192 -0.697
		0 0.0318 0.2494 0.187 0.501 0 0 0 0 -0.9857 0.1686 -0.7071 0.1192 0.697 -0.7071 -0.1192 -0.697
		0 -0.01036 0.003016 0.187 0.373 0 0 0 0 -0.9857 0.1686 -0.7071 0.1192 0.697 -0.7071 -0.1192 -0.697
		0.25 -0.01036 0.003016 0.126 0.373 0 0 0 0 -0.9857 0.1686 0 0.1686 0.9857 -1 0 0
		0.25 0.0318 0.2494 0.126 0.501 0 0 0 0 -0.9857 0.1686 0 0.1686 0.9857 -1 0 0
		0 0.0318 0.2494 0.187 0.501 0 0 0 0 -0.9857 0.1686 0 0.1686 0.9857 -1 0 0
		0 0.0318 0.2494 0.126 0.000716 0 0 0 -1 0 0 0 0.8818 -0.4717 0 -0.4717 -0.8818
		0 0.7289 -0.1235 0.187 0.374 0 0 0 -1 0 0 0 0.8818 -0.4717 0 -0.4717 -0.8818
		0 -0.01036 0.003016 0.187 0.000716 0 0 0 -1 0 0 0 0.8818 -0.4717 0 -0.4717 -0.8818
		0 0.0318 0.2494 0.126 0.000716 0 0 0 -1 0 0 0 0.9857 -0.1686 0 -0.1686 -0.9857
		0 0.7711 0.123 0.126 0.374 0 0 0 -1 0 0 0 0.9857 -0.1686 0 -0.1686 -0.9857
		0 0.7289 -0.1235 0.187 0.374 0 0 0 -1 0 0 0 0.9857 -0.1686 0 -0.1686 -0.9857
		0.25 -0.01036 0.003016 0.000465 0.000716 0 0 0 1 0 0 0 0.9884 0.1517 0 -0.1517 0.9884
		0.25 0.7711 0.123 0.0626 0.374 0 0 0 1 0 0 0 0.9884 0.1517 0 -0.1517 0.9884
		0.25 0.0318 0.2494 0.0626 0.000716 0 0 0 1 0 0 0 0.9884 0.1517 0 -0.1517 0.9884
		0.25 -0.01036 0.003016 0.000465 0.000716 0 0 0 1 0 0 0 0.9857 -0.1686 0 0.1686 0.9857
		0.25 0.7289 -0.1235 0.000465 0.374 0 0 0 1 0 0 0 0.9857 -0.1686 0 0.1686 0.9857
		0.25 0.7711 0.123 0.0626 0.374 0 0 0 1 0 0 0 0.9857 -0.1686 0 0.1686 0.9857
	KeyFrames: 0


Sequences: 1
 #Name ( FirstFrame | LastFrame | FrameRate )
	Default ( 0 | 1 | 30 ) //0

States: 1
	# Name ( SequenceName | Breakable | Transitional | Loop ) // Index
	Default ( Default | 0 | 0 | 1 ) //0

	Exits:
		# Ex: CurrentState -> NextState
