# ASCII Text Object file created from the model Walleye.obj
# 2015-10-7 | 22:35:6
# Made by Alberto Bobadilla (labigm@rit.edu)
Version: 1.0

Materials: 1
	WallEye_SG
		Diffuse: 0 0 0
		DiffuseMap: WallEye_D.jpg
		NormalMap: WallEye_N.jpg
		SpecularMap: NULL

Frames: 61

Groups: 5
	#Name -> Parent
	#HP Visible Collidable pivotX pivotY pivotZ ShapeCount
		#Name MaterialName VertexCount
		#(Vertex, UV, Color, Normal, Tangent, Binormal)
	#KeyFrames: #
		#N, V, Tx, Ty, Tz, Rx, Ry, Rz, Sx, Sy, Sz
	Body -> NULL  //G:0
	1 1 1 0 0 0 1
		WallEye_SG 1524
		-0.007419 -0.2866 0.167 0.0508 0.0341 0 0 0 -0.3641 -0.3113 0.8778 -0.2218 0.9444 0.2429 -0.9046 -0.1062 -0.4129
		-0.00893 -0.2799 0.1686 0.0512 0.0458 0 0 0 -0.1649 -0.127 0.9781 -0.1937 0.9765 0.09412 -0.9046 -0.1062 -0.4129
		-0.01263 -0.2799 0.167 0.0415 0.0433 0 0 0 -0.3793 -0.1898 0.9056 -0.1756 0.9757 0.131 -0.9046 -0.1062 -0.4129
		-0.007419 -0.2866 0.167 0.0508 0.0341 0 0 0 -0.3641 -0.3113 0.8778 0.9243 -0.005199 0.3816 -0.1142 0.9503 0.2896
		-0.005246 -0.2866 0.1679 0.0568 0.0355 0 0 0 -0.1412 -0.2334 0.9621 0.9861 0.05303 0.1576 -0.1142 0.9503 0.2896
		-0.00893 -0.2799 0.1686 0.0512 0.0458 0 0 0 -0.1649 -0.127 0.9781 0.9852 0.02666 0.1695 -0.1142 0.9503 0.2896
		-0.005246 -0.2866 0.1679 0.0568 0.0355 0 0 0 -0.1412 -0.2334 0.9621 0.5956 0.7562 0.2709 -0.7908 0.6113 0.03219
		0 -0.2799 0.1693 0.0672 0.0461 0 0 0 0 -0.094 0.9956 0.61 0.7889 0.07448 -0.7908 0.6113 0.03219
		-0.00893 -0.2799 0.1686 0.0512 0.0458 0 0 0 -0.1649 -0.127 0.9781 0.6013 0.7731 0.2017 -0.7908 0.6113 0.03219
		-0.005246 -0.2866 0.1679 0.0568 0.0355 0 0 0 -0.1412 -0.2334 0.9621 0.9898 -0.01778 0.141 -0.0158 0.9722 0.2335
		0 -0.2866 0.1682 0.0672 0.036 0 0 0 0 -0.1876 0.9822 0.9999 0.01247 0.002381 -0.0158 0.9722 0.2335
		0 -0.2799 0.1693 0.0672 0.0461 0 0 0 0 -0.094 0.9956 1 0.006333 0.0005978 -0.0158 0.9722 0.2335
		0 -0.2866 0.1682 0.0672 0.036 0 0 0 0 -0.1876 0.9822 0.8014 0.5875 0.1122 -0.5981 0.7872 0.1503
		0.00893 -0.2799 0.1686 0.0832 0.0458 0 0 0 0.1649 -0.127 0.9781 0.7874 0.6142 -0.05299 -0.5981 0.7872 0.1503
		0 -0.2799 0.1693 0.0672 0.0461 0 0 0 0 -0.094 0.9956 0.7991 0.5986 0.05651 -0.5981 0.7872 0.1503
		0 -0.2866 0.1682 0.0672 0.036 0 0 0 0 -0.1876 0.9822 0.9999 -0.01247 -0.002381 0.01269 0.9822 0.1876
		0.005246 -0.2866 0.1679 0.0776 0.0355 0 0 0 0.1412 -0.2334 0.9621 0.9898 0.01778 -0.141 0.01269 0.9822 0.1876
		0.00893 -0.2799 0.1686 0.0832 0.0458 0 0 0 0.1649 -0.127 0.9781 0.9863 0.01256 -0.1646 0.01269 0.9822 0.1876
		0.005246 -0.2866 0.1679 0.0776 0.0355 0 0 0 0.1412 -0.2334 0.9621 0.7631 0.6448 0.04439 -0.6307 0.7279 0.2692
		0.01263 -0.2799 0.167 0.0929 0.0433 0 0 0 0.3793 -0.1898 0.9056 0.7107 0.6865 -0.1538 -0.6307 0.7279 0.2692
		0.00893 -0.2799 0.1686 0.0832 0.0458 0 0 0 0.1649 -0.127 0.9781 0.7457 0.6651 -0.03936 -0.6307 0.7279 0.2692
		0.005246 -0.2866 0.1679 0.0776 0.0355 0 0 0 0.1412 -0.2334 0.9621 0.9861 -0.05303 -0.1576 0.08781 0.9709 0.2227
		0.007419 -0.2866 0.167 0.0836 0.0341 0 0 0 0.3641 -0.3113 0.8778 0.9243 0.005199 -0.3816 0.08781 0.9709 0.2227
		0.01263 -0.2799 0.167 0.0929 0.0433 0 0 0 0.3793 -0.1898 0.9056 0.9227 0.003904 -0.3856 0.08781 0.9709 0.2227
		-0.01263 -0.2799 0.167 0.0415 0.0433 0 0 0 -0.3793 -0.1898 0.9056 0.04473 0.9738 0.2229 -0.9242 0.125 -0.3608
		-0.01208 -0.2698 0.1691 0.0462 0.0587 0 0 0 -0.159 -0.0709 0.9847 0.07338 0.9938 0.08341 -0.9242 0.125 -0.3608
		-0.01708 -0.2698 0.167 0.033 0.0567 0 0 0 -0.3619 -0.133 0.9227 0.06687 0.9835 0.168 -0.9242 0.125 -0.3608
		-0.01263 -0.2799 0.167 0.0415 0.0433 0 0 0 -0.3793 -0.1898 0.9056 0.9223 0.001448 0.3865 -0.07469 0.9818 0.1745
		-0.00893 -0.2799 0.1686 0.0512 0.0458 0 0 0 -0.1649 -0.127 0.9781 0.985 0.03046 0.17 -0.07469 0.9818 0.1745
		-0.01208 -0.2698 0.1691 0.0462 0.0587 0 0 0 -0.159 -0.0709 0.9847 0.9869 0.01763 0.1606 -0.07469 0.9818 0.1745
		-0.00893 -0.2799 0.1686 0.0512 0.0458 0 0 0 -0.1649 -0.127 0.9781 0.6471 0.7345 0.2044 -0.7443 0.6667 -0.03892
		0 -0.2698 0.1699 0.0672 0.0589 0 0 0 0 -0.0431 0.9991 0.6625 0.7484 0.03229 -0.7443 0.6667 -0.03892
		-0.01208 -0.2698 0.1691 0.0462 0.0587 0 0 0 -0.159 -0.0709 0.9847 0.6526 0.7409 0.1587 -0.7443 0.6667 -0.03892
		-0.00893 -0.2799 0.1686 0.0512 0.0458 0 0 0 -0.1649 -0.127 0.9781 0.9863 -0.01183 0.1647 -0.009342 0.9918 0.1272
		0 -0.2799 0.1693 0.0672 0.0461 0 0 0 0 -0.094 0.9956 1 0.006874 0.000649 -0.009342 0.9918 0.1272
		0 -0.2698 0.1699 0.0672 0.0589 0 0 0 0 -0.0431 0.9991 1 0.003163 0.0001364 -0.009342 0.9918 0.1272
		0 -0.2799 0.1693 0.0672 0.0461 0 0 0 0 -0.094 0.9956 0.7706 0.6345 0.05991 -0.6373 0.7672 0.07243
		0.01208 -0.2698 0.1691 0.0882 0.0587 0 0 0 0.159 -0.07091 0.9847 0.7598 0.6457 -0.07617 -0.6373 0.7672 0.07243
		0 -0.2698 0.1699 0.0672 0.0589 0 0 0 0 -0.0431 0.9991 0.7692 0.6384 0.02754 -0.6373 0.7672 0.07243
		0 -0.2799 0.1693 0.0672 0.0461 0 0 0 0 -0.094 0.9956 1 -0.006874 -0.000649 0.006905 0.9955 0.09399
		0.00893 -0.2799 0.1686 0.0832 0.0458 0 0 0 0.1649 -0.127 0.9781 0.9863 0.01183 -0.1647 0.006905 0.9955 0.09399
		0.01208 -0.2698 0.1691 0.0882 0.0587 0 0 0 0.159 -0.07091 0.9847 0.9873 0.006149 -0.1589 0.006905 0.9955 0.09399
		0.00893 -0.2799 0.1686 0.0832 0.0458 0 0 0 0.1649 -0.127 0.9781 0.6482 0.7614 -0.01041 -0.7434 0.6357 0.2078
		0.01708 -0.2698 0.167 0.101 0.0567 0 0 0 0.3619 -0.133 0.9227 0.621 0.7725 -0.1323 -0.7434 0.6357 0.2078
		0.01208 -0.2698 0.1691 0.0882 0.0587 0 0 0 0.159 -0.07091 0.9847 0.6389 0.7678 -0.04786 -0.7434 0.6357 0.2078
		0.00893 -0.2799 0.1686 0.0832 0.0458 0 0 0 0.1649 -0.127 0.9781 0.985 -0.03046 -0.17 0.05137 0.9914 0.12
		0.01263 -0.2799 0.167 0.0929 0.0433 0 0 0 0.3793 -0.1898 0.9056 0.9223 -0.001447 -0.3865 0.05137 0.9914 0.12
		0.01708 -0.2698 0.167 0.101 0.0567 0 0 0 0.3619 -0.133 0.9227 0.9307 -0.004027 -0.3657 0.05137 0.9914 0.12
		-0.01708 -0.2698 0.167 0.033 0.0567 0 0 0 -0.3619 -0.133 0.9227 0.1484 0.9689 0.1979 -0.9203 0.2085 -0.331
		-0.0152 -0.258 0.1693 0.0413 0.0733 0 0 0 -0.1643 -0.01392 0.9863 0.1792 0.9828 0.04372 -0.9203 0.2085 -0.331
		-0.0215 -0.258 0.167 0.0258 0.0733 0 0 0 -0.3444 -0.02781 0.9384 0.1865 0.9776 0.09741 -0.9203 0.2085 -0.331
		-0.01708 -0.2698 0.167 0.033 0.0567 0 0 0 -0.3619 -0.133 0.9227 0.9308 0.002392 0.3655 -0.05081 0.9911 0.1229
		-0.01208 -0.2698 0.1691 0.0462 0.0587 0 0 0 -0.159 -0.0709 0.9847 0.9869 0.0167 0.1605 -0.05081 0.9911 0.1229
		-0.0152 -0.258 0.1693 0.0413 0.0733 0 0 0 -0.1643 -0.01392 0.9863 0.9864 0.003212 0.1644 -0.05081 0.9911 0.1229
		-0.01208 -0.2698 0.1691 0.0462 0.0587 0 0 0 -0.159 -0.0709 0.9847 0.6999 0.6954 0.1631 -0.6963 0.7151 -0.06092
		0 -0.258 0.1702 0.0672 0.0732 0 0 0 0 -0.002005 1 0.7136 0.7005 0.001405 -0.6963 0.7151 -0.06092
		-0.0152 -0.258 0.1693 0.0413 0.0733 0 0 0 -0.1643 -0.01392 0.9863 0.7033 0.6995 0.127 -0.6963 0.7151 -0.06092
		-0.01208 -0.2698 0.1691 0.0462 0.0587 0 0 0 -0.159 -0.0709 0.9847 0.9873 -0.006326 0.1589 -0.005039 0.9975 0.07101
		0 -0.2698 0.1699 0.0672 0.0589 0 0 0 0 -0.0431 0.9991 1 0.003056 0.0001318 -0.005039 0.9975 0.07101
		0 -0.258 0.1702 0.0672 0.0732 0 0 0 0 -0.002005 1 1 0.0001423 0 -0.005039 0.9975 0.07101
		0 -0.2698 0.1699 0.0672 0.0589 0 0 0 0 -0.0431 0.9991 0.7896 0.6131 0.02645 -0.6136 0.7889 0.03403
		0.0152 -0.258 0.1693 0.0931 0.0733 0 0 0 0.1643 -0.01392 0.9863 0.7768 0.618 -0.1207 -0.6136 0.7889 0.03403
		0 -0.258 0.1702 0.0672 0.0732 0 0 0 0 -0.002005 1 0.7886 0.6149 0.001233 -0.6136 0.7889 0.03403
		0 -0.2698 0.1699 0.0672 0.0589 0 0 0 0 -0.0431 0.9991 1 -0.003056 -0.0001318 0.003059 0.9991 0.0431
		0.01208 -0.2698 0.1691 0.0882 0.0587 0 0 0 0.159 -0.07091 0.9847 0.9873 0.006326 -0.1589 0.003059 0.9991 0.0431
		0.0152 -0.258 0.1693 0.0931 0.0733 0 0 0 0.1643 -0.01392 0.9863 0.9864 0.001315 -0.1643 0.003059 0.9991 0.0431
		0.01208 -0.2698 0.1691 0.0882 0.0587 0 0 0 0.159 -0.07091 0.9847 0.6334 0.7725 -0.04662 -0.7574 0.6311 0.1677
		0.0215 -0.258 0.167 0.109 0.0733 0 0 0 0.3444 -0.02781 0.9384 0.5957 0.7791 -0.1955 -0.7574 0.6311 0.1677
		0.0152 -0.258 0.1693 0.0931 0.0733 0 0 0 0.1643 -0.01392 0.9863 0.6241 0.7758 -0.09303 -0.7574 0.6311 0.1677
		0.01208 -0.2698 0.1691 0.0882 0.0587 0 0 0 0.159 -0.07091 0.9847 0.9869 -0.0167 -0.1605 0.02783 0.9973 0.06732
		0.01708 -0.2698 0.167 0.101 0.0567 0 0 0 0.3619 -0.133 0.9227 0.9308 -0.002391 -0.3655 0.02783 0.9973 0.06732
		0.0215 -0.258 0.167 0.109 0.0733 0 0 0 0.3444 -0.02781 0.9384 0.9388 -0.001119 -0.3445 0.02783 0.9973 0.06732
		-0.0215 -0.258 0.167 0.0258 0.0733 0 0 0 -0.3444 -0.02781 0.9384 0.5049 0.8372 0.2101 -0.7915 0.5461 -0.2743
		-0.01403 -0.2461 0.1691 0.0432 0.0877 0 0 0 -0.1562 0.06569 0.9855 0.549 0.8352 0.03135 -0.7915 0.5461 -0.2743
		-0.01985 -0.2461 0.167 0.029 0.0893 0 0 0 -0.3375 0.09353 0.9367 0.54 0.8343 0.1113 -0.7915 0.5461 -0.2743
		-0.0215 -0.258 0.167 0.0258 0.0733 0 0 0 -0.3444 -0.02781 0.9384 0.9388 -0.0002788 0.3445 -0.009318 0.9996 0.0262
		-0.0152 -0.258 0.1693 0.0413 0.0733 0 0 0 -0.1643 -0.01392 0.9863 0.9864 0.002483 0.1644 -0.009318 0.9996 0.0262
		-0.01403 -0.2461 0.1691 0.0432 0.0877 0 0 0 -0.1562 0.06569 0.9855 0.9875 -0.01223 0.1573 -0.009318 0.9996 0.0262
		-0.0152 -0.258 0.1693 0.0413 0.0733 0 0 0 -0.1643 -0.01392 0.9863 0.7753 0.6164 0.1379 -0.6099 0.7873 -0.0905
		0 -0.2461 0.1699 0.0672 0.0875 0 0 0 0 0.04135 0.9991 0.7895 0.6132 -0.02537 -0.6099 0.7873 -0.0905
		-0.01403 -0.2461 0.1691 0.0432 0.0877 0 0 0 -0.1562 0.06569 0.9855 0.7815 0.6184 0.08266 -0.6099 0.7873 -0.0905
		-0.0152 -0.258 0.1693 0.0413 0.0733 0 0 0 -0.1643 -0.01392 0.9863 0.9864 -0.001455 0.1643 -0.0008517 0.9999 0.01397
		0 -0.258 0.1702 0.0672 0.0732 0 0 0 0 -0.002005 1 1 0.0001223 0 -0.0008517 0.9999 0.01397
		0 -0.2461 0.1699 0.0672 0.0875 0 0 0 0 0.04135 0.9991 1 -0.002519 0.0001042 -0.0008517 0.9999 0.01397
		0 -0.258 0.1702 0.0672 0.0732 0 0 0 0 -0.002005 1 0.764 0.6452 0.001294 -0.6452 0.764 0.001532
		0.01403 -0.2461 0.1691 0.0912 0.0877 0 0 0 0.1562 0.06569 0.9855 0.7505 0.6407 -0.1617 -0.6452 0.764 0.001532
		0 -0.2461 0.1699 0.0672 0.0875 0 0 0 0 0.04135 0.9991 0.763 0.6458 -0.02672 -0.6452 0.764 0.001532
		0 -0.258 0.1702 0.0672 0.0732 0 0 0 0 -0.002005 1 1 -0.0001223 0 0.0001223 1 0.002005
		0.0152 -0.258 0.1693 0.0931 0.0733 0 0 0 0.1643 -0.01392 0.9863 0.9864 0.001455 -0.1643 0.0001223 1 0.002005
		0.01403 -0.2461 0.1691 0.0912 0.0877 0 0 0 0.1562 0.06569 0.9855 0.9877 -0.006331 -0.1561 0.0001223 1 0.002005
		0.0152 -0.258 0.1693 0.0931 0.0733 0 0 0 0.1643 -0.01392 0.9863 0.3829 0.9224 -0.05078 -0.909 0.386 0.1569
		0.01985 -0.2461 0.167 0.105 0.0893 0 0 0 0.3375 0.09353 0.9367 0.3447 0.9137 -0.2155 -0.909 0.386 0.1569
		0.01403 -0.2461 0.1691 0.0912 0.0877 0 0 0 0.1562 0.06569 0.9855 0.3685 0.9219 -0.1199 -0.909 0.386 0.1569
		0.0152 -0.258 0.1693 0.0931 0.0733 0 0 0 0.1643 -0.01392 0.9863 0.9864 -0.002483 -0.1644 0.004736 0.9999 0.01332
		0.0215 -0.258 0.167 0.109 0.0733 0 0 0 0.3444 -0.02781 0.9384 0.9388 0.000279 -0.3445 0.004736 0.9999 0.01332
		0.01985 -0.2461 0.167 0.105 0.0893 0 0 0 0.3375 0.09353 0.9367 0.9408 -0.0003917 -0.339 0.004736 0.9999 0.01332
		-0.01985 -0.2461 0.167 0.029 0.0893 0 0 0 -0.3375 0.09353 0.9367 0.6845 0.7074 0.176 -0.6461 0.7006 -0.3028
		-0.009693 -0.2361 0.1686 0.05 0.1 0 0 0 -0.1453 0.1351 0.9801 0.7246 0.6891 0.01241 -0.6461 0.7006 -0.3028
		-0.01371 -0.2361 0.167 0.04 0.103 0 0 0 -0.3424 0.2199 0.9134 0.7108 0.6965 0.09876 -0.6461 0.7006 -0.3028
		-0.01985 -0.2461 0.167 0.029 0.0893 0 0 0 -0.3375 0.09353 0.9367 0.9408 0.0003803 0.339 0.03135 0.9956 -0.08812
		-0.01403 -0.2461 0.1691 0.0432 0.0877 0 0 0 -0.1562 0.06569 0.9855 0.9875 -0.01224 0.1573 0.03135 0.9956 -0.08812
		-0.009693 -0.2361 0.1686 0.05 0.1 0 0 0 -0.1453 0.1351 0.9801 0.9883 -0.02638 0.1502 0.03135 0.9956 -0.08812
		-0.01403 -0.2461 0.1691 0.0432 0.0877 0 0 0 -0.1562 0.06569 0.9855 0.8032 0.5892 0.08804 -0.5749 0.8053 -0.1448
		0 -0.2361 0.1693 0.0672 0.1 0 0 0 0 0.09541 0.9954 0.8148 0.5772 -0.05532 -0.5749 0.8053 -0.1448
		-0.009693 -0.2361 0.1686 0.05 0.1 0 0 0 -0.1453 0.1351 0.9801 0.8091 0.5864 0.03909 -0.5749 0.8053 -0.1448
		-0.01403 -0.2461 0.1691 0.0432 0.0877 0 0 0 -0.1562 0.06569 0.9855 0.9877 0.006325 0.1561 0.004022 0.9978 -0.06587
		0 -0.2461 0.1699 0.0672 0.0875 0 0 0 0 0.04135 0.9991 1 -0.002523 0.0001044 0.004022 0.9978 -0.06587
		0 -0.2361 0.1693 0.0672 0.1 0 0 0 0 0.09541 0.9954 1 -0.0058 0.0005559 0.004022 0.9978 -0.06587
		0 -0.2461 0.1699 0.0672 0.0875 0 0 0 0 0.04135 0.9991 0.6926 0.7207 -0.02983 -0.7214 0.692 -0.02863
		0.009693 -0.2361 0.1686 0.0844 0.1 0 0 0 0.1453 0.1351 0.9801 0.6797 0.7063 -0.1981 -0.7214 0.692 -0.02863
		0 -0.2361 0.1693 0.0672 0.1 0 0 0 0 0.09541 0.9954 0.6913 0.7193 -0.06894 -0.7214 0.692 -0.02863
		0 -0.2461 0.1699 0.0672 0.0875 0 0 0 0 0.04135 0.9991 1 0.002523 -0.0001044 -0.002525 0.9991 -0.04135
		0.01403 -0.2461 0.1691 0.0912 0.0877 0 0 0 0.1562 0.06569 0.9855 0.9877 -0.006325 -0.1561 -0.002525 0.9991 -0.04135
		0.009693 -0.2361 0.1686 0.0844 0.1 0 0 0 0.1453 0.1351 0.9801 0.9894 -0.01157 -0.1451 -0.002525 0.9991 -0.04135
		0.01403 -0.2461 0.1691 0.0912 0.0877 0 0 0 0.1562 0.06569 0.9855 -0.01011 0.9978 -0.06491 -0.9877 0.0001732 0.1565
		0.01371 -0.2361 0.167 0.0944 0.103 0 0 0 0.3424 0.2199 0.9134 -0.03876 0.9747 -0.2202 -0.9877 0.0001732 0.1565
		0.009693 -0.2361 0.1686 0.0844 0.1 0 0 0 0.1453 0.1351 0.9801 -0.02167 0.9908 -0.1334 -0.9877 0.0001732 0.1565
		0.01403 -0.2461 0.1691 0.0912 0.0877 0 0 0 0.1562 0.06569 0.9855 0.9875 0.01224 -0.1573 -0.0224 0.9978 -0.06295
		0.01985 -0.2461 0.167 0.105 0.0893 0 0 0 0.3375 0.09353 0.9367 0.9408 -0.0003809 -0.339 -0.0224 0.9978 -0.06295
		0.01371 -0.2361 0.167 0.0944 0.103 0 0 0 0.3424 0.2199 0.9134 0.9366 -0.003625 -0.3503 -0.0224 0.9978 -0.06295
		-0.01371 -0.2361 0.167 0.04 0.103 0 0 0 -0.3424 0.2199 0.9134 0.7621 0.6337 0.1331 -0.5495 0.7417 -0.3846
		-0.005246 -0.2294 0.1679 0.0572 0.11 0 0 0 -0.1298 0.2357 0.9631 0.8025 0.5955 -0.03756 -0.5495 0.7417 -0.3846
		-0.007419 -0.2294 0.167 0.0516 0.112 0 0 0 -0.3446 0.3422 0.8741 0.7851 0.6155 0.06852 -0.5495 0.7417 -0.3846
		-0.01371 -0.2361 0.167 0.04 0.103 0 0 0 -0.3424 0.2199 0.9134 0.9361 -0.003621 0.3518 0.08069 0.9755 -0.2046
		-0.009693 -0.2361 0.1686 0.05 0.1 0 0 0 -0.1453 0.1351 0.9801 0.9881 -0.0311 0.1508 0.08069 0.9755 -0.2046
		-0.005246 -0.2294 0.1679 0.0572 0.11 0 0 0 -0.1298 0.2357 0.9631 0.9875 -0.05634 0.1469 0.08069 0.9755 -0.2046
		-0.009693 -0.2361 0.1686 0.05 0.1 0 0 0 -0.1453 0.1351 0.9801 0.8132 0.5806 0.04051 -0.5636 0.8029 -0.1942
		0 -0.2294 0.1682 0.0672 0.11 0 0 0 0 0.1882 0.9821 0.824 0.5564 -0.1066 -0.5636 0.8029 -0.1942
		-0.005246 -0.2294 0.1679 0.0572 0.11 0 0 0 -0.1298 0.2357 0.9631 0.8213 0.5698 -0.02873 -0.5636 0.8029 -0.1942
		-0.009693 -0.2361 0.1686 0.05 0.1 0 0 0 -0.1453 0.1351 0.9801 0.9893 0.01068 0.1452 0.009153 0.9908 -0.1352
		0 -0.2361 0.1693 0.0672 0.1 0 0 0 0 0.09541 0.9954 1 -0.006428 0.0006161 0.009153 0.9908 -0.1352
		0 -0.2294 0.1682 0.0672 0.11 0 0 0 0 0.1882 0.9821 0.9999 -0.01251 0.002397 0.009153 0.9908 -0.1352
		0 -0.2361 0.1693 0.0672 0.1 0 0 0 0 0.09541 0.9954 0.61 0.7888 -0.07561 -0.7924 0.6072 -0.0582
		0.005246 -0.2294 0.1679 0.0772 0.11 0 0 0 0.1298 0.2357 0.9631 0.5972 0.7568 -0.2657 -0.7924 0.6072 -0.0582
		0 -0.2294 0.1682 0.0672 0.11 0 0 0 0 0.1882 0.9821 0.6078 0.7799 -0.1495 -0.7924 0.6072 -0.0582
		0 -0.2361 0.1693 0.0672 0.1 0 0 0 0 0.09541 0.9954 1 0.006428 -0.0006161 -0.006457 0.9954 -0.09541
		0.009693 -0.2361 0.1686 0.0844 0.1 0 0 0 0.1453 0.1351 0.9801 0.9893 -0.01068 -0.1452 -0.006457 0.9954 -0.09541
		0.005246 -0.2294 0.1679 0.0772 0.11 0 0 0 0.1298 0.2357 0.9631 0.9914 -0.01523 -0.1299 -0.006457 0.9954 -0.09541
		0.009693 -0.2361 0.1686 0.0844 0.1 0 0 0 0.1453 0.1351 0.9801 -0.2963 0.9511 -0.0872 -0.944 -0.2777 0.1782
		0.007419 -0.2294 0.167 0.0828 0.112 0 0 0 0.3446 0.3422 0.8741 -0.3193 0.9184 -0.2337 -0.944 -0.2777 0.1782
		0.005246 -0.2294 0.1679 0.0772 0.11 0 0 0 0.1298 0.2357 0.9631 -0.309 0.9326 -0.1866 -0.944 -0.2777 0.1782
		0.009693 -0.2361 0.1686 0.0844 0.1 0 0 0 0.1453 0.1351 0.9801 0.9881 0.0311 -0.1508 -0.05086 0.9903 -0.129
		0.01371 -0.2361 0.167 0.0944 0.103 0 0 0 0.3424 0.2199 0.9134 0.9361 0.00362 -0.3518 -0.05086 0.9903 -0.129
		0.007419 -0.2294 0.167 0.0828 0.112 0 0 0 0.3446 0.3422 0.8741 0.9303 0 -0.3667 -0.05086 0.9903 -0.129
		-0.005246 -0.2866 0.1679 0.0568 0.0355 0 0 0 -0.1412 -0.2334 0.9621 -0.9861 -0.05303 -0.1576 0.08781 -0.9709 -0.2227
		-0.007419 -0.2866 0.167 0.0508 0.0341 0 0 0 -0.3641 -0.3113 0.8778 -0.9243 0.005199 -0.3816 0.08781 -0.9709 -0.2227
		0 -0.289 0.167 0.0629 0.0254 0 0 0 0 -0.4889 0.8724 -0.9819 -0.1652 -0.09255 0.08781 -0.9709 -0.2227
		0 -0.2866 0.1682 0.0672 0.036 0 0 0 0 -0.1876 0.9822 -0.9999 -0.01247 -0.002381 0.01269 -0.9822 -0.1876
		-0.005246 -0.2866 0.1679 0.0568 0.0355 0 0 0 -0.1412 -0.2334 0.9621 -0.9898 0.01778 -0.141 0.01269 -0.9822 -0.1876
		0 -0.289 0.167 0.0667 0.029 0 0 0 0 -0.4889 0.8724 -0.9995 -0.02884 -0.01616 0.01269 -0.9822 -0.1876
		0.005246 -0.2866 0.1679 0.0776 0.0355 0 0 0 0.1412 -0.2334 0.9621 -0.9898 -0.01778 0.141 -0.0158 -0.9722 -0.2335
		0 -0.2866 0.1682 0.0672 0.036 0 0 0 0 -0.1876 0.9822 -0.9999 0.01247 0.002381 -0.0158 -0.9722 -0.2335
		0 -0.289 0.167 0.0677 0.029 0 0 0 0 -0.4889 0.8724 -0.9995 0.02884 0.01616 -0.0158 -0.9722 -0.2335
		0.007419 -0.2866 0.167 0.0836 0.0341 0 0 0 0.3641 -0.3113 0.8778 -0.9243 -0.005199 0.3816 -0.1142 -0.9503 -0.2896
		0.005246 -0.2866 0.1679 0.0776 0.0355 0 0 0 0.1412 -0.2334 0.9621 -0.9861 0.05303 0.1576 -0.1142 -0.9503 -0.2896
		0 -0.289 0.167 0.0715 0.0254 0 0 0 0 -0.4889 0.8724 -0.9819 0.1652 0.09255 -0.1142 -0.9503 -0.2896
		-0.007419 -0.2294 0.167 0.0516 0.112 0 0 0 -0.3446 0.3422 0.8741 0.9303 0 0.3668 0.1256 0.9396 -0.3184
		-0.005246 -0.2294 0.1679 0.0572 0.11 0 0 0 -0.1298 0.2357 0.9631 0.9875 -0.05636 0.1469 0.1256 0.9396 -0.3184
		0 -0.227 0.167 0.0641 0.119 0 0 0 0 0.4889 0.8723 0.9819 -0.1652 0.09256 0.1256 0.9396 -0.3184
		-0.005246 -0.2294 0.1679 0.0572 0.11 0 0 0 -0.1298 0.2357 0.9631 0.9914 0.01523 0.1299 0.01595 0.9717 -0.2356
		0 -0.2294 0.1682 0.0672 0.11 0 0 0 0 0.1882 0.9821 0.9999 -0.01251 0.002397 0.01595 0.9717 -0.2356
		0 -0.227 0.167 0.0668 0.117 0 0 0 0 0.4889 0.8723 0.9995 -0.02884 0.01617 0.01595 0.9717 -0.2356
		0 -0.2294 0.1682 0.0672 0.11 0 0 0 0 0.1882 0.9821 0.9999 0.01251 -0.002397 -0.01274 0.982 -0.1882
		0.005246 -0.2294 0.1679 0.0772 0.11 0 0 0 0.1298 0.2357 0.9631 0.9914 -0.01523 -0.1299 -0.01274 0.982 -0.1882
		0 -0.227 0.167 0.0676 0.117 0 0 0 0 0.4889 0.8723 0.9995 0.02884 -0.01617 -0.01274 0.982 -0.1882
		0.005246 -0.2294 0.1679 0.0772 0.11 0 0 0 0.1298 0.2357 0.9631 0.9875 0.05636 -0.1469 -0.08891 0.9702 -0.2254
		0.007419 -0.2294 0.167 0.0828 0.112 0 0 0 0.3446 0.3422 0.8741 0.9303 0 -0.3668 -0.08891 0.9702 -0.2254
		0 -0.227 0.167 0.0702 0.119 0 0 0 0 0.4889 0.8723 0.9819 0.1652 -0.09256 -0.08891 0.9702 -0.2254
		-0.3782 -0.2643 -0.09152 0.145 0.667 0 0 0 -0.4231 -0.3467 -0.8371 -0.07266 0.9339 -0.3501 0.9032 -0.0873 -0.4203
		-0.3853 -0.1728 -0.1258 0.222 0.692 0 0 0 -0.4231 -0.3467 -0.8371 -0.07266 0.9339 -0.3501 0.9032 -0.0873 -0.4203
		-0.3782 -0.1728 -0.1294 0.225 0.686 0 0 0 -0.4231 -0.3467 -0.8371 -0.07266 0.9339 -0.3501 0.9032 -0.0873 -0.4203
		-0.3782 -0.2643 -0.09152 0.145 0.667 0 0 0 -0.4231 -0.3467 -0.8371 -0.8925 0.319 0.3189 0.1565 0.882 -0.4444
		-0.3853 -0.2618 -0.08898 0.146 0.673 0 0 0 -0.4231 -0.3467 -0.8371 -0.8925 0.319 0.3189 0.1565 0.882 -0.4444
		-0.3853 -0.1728 -0.1258 0.222 0.692 0 0 0 -0.4231 -0.3467 -0.8371 -0.8925 0.319 0.3189 0.1565 0.882 -0.4444
		-0.3782 -0.1728 -0.1294 0.266 0.903 0 0 0 -0.4231 0.3467 -0.8371 -0.07266 0.9079 0.4128 0.9032 0.2355 -0.3589
		-0.3853 -0.0838 -0.08898 0.197 0.944 0 0 0 -0.4231 0.3467 -0.8371 -0.07266 0.9079 0.4128 0.9032 0.2355 -0.3589
		-0.3782 -0.08125 -0.09152 0.199 0.95 0 0 0 -0.4231 0.3467 -0.8371 -0.07266 0.9079 0.4128 0.9032 0.2355 -0.3589
		-0.3782 -0.1728 -0.1294 0.266 0.903 0 0 0 -0.4231 0.3467 -0.8371 -0.8925 0 0.4511 0.1564 0.938 0.3095
		-0.3853 -0.1728 -0.1258 0.261 0.898 0 0 0 -0.4231 0.3467 -0.8371 -0.8925 0 0.4511 0.1564 0.938 0.3095
		-0.3853 -0.0838 -0.08898 0.197 0.944 0 0 0 -0.4231 0.3467 -0.8371 -0.8925 0 0.4511 0.1564 0.938 0.3095
		-0.3782 -0.08125 -0.09152 0.199 0.95 0 0 0 -0.4231 0.8371 -0.3467 -0.07266 0.3501 0.9339 0.9032 0.4203 -0.0873
		-0.3853 -0.04694 0 0.118 0.947 0 0 0 -0.4231 0.8371 -0.3467 -0.07266 0.3501 0.9339 0.9032 0.4203 -0.0873
		-0.3782 -0.04334 0 0.117 0.954 0 0 0 -0.4231 0.8371 -0.3467 -0.07266 0.3501 0.9339 0.9032 0.4203 -0.0873
		-0.3782 -0.08125 -0.09152 0.199 0.95 0 0 0 -0.4231 0.8371 -0.3467 -0.8925 -0.319 0.3189 0.1563 0.4444 0.8821
		-0.3853 -0.0838 -0.08898 0.197 0.944 0 0 0 -0.4231 0.8371 -0.3467 -0.8925 -0.319 0.3189 0.1563 0.4444 0.8821
		-0.3853 -0.04694 0 0.118 0.947 0 0 0 -0.4231 0.8371 -0.3467 -0.8925 -0.319 0.3189 0.1563 0.4444 0.8821
		-0.3782 -0.04334 0 0.117 0.954 0 0 0 -0.4231 0.8371 0.3467 -0.07266 -0.4128 0.9079 0.9032 0.3589 0.2355
		-0.3853 -0.0838 0.08898 0.0506 0.908 0 0 0 -0.4231 0.8371 0.3467 -0.07266 -0.4128 0.9079 0.9032 0.3589 0.2355
		-0.3782 -0.08125 0.09152 0.0458 0.912 0 0 0 -0.4231 0.8371 0.3467 -0.07266 -0.4128 0.9079 0.9032 0.3589 0.2355
		-0.3782 -0.04334 0 0.117 0.954 0 0 0 -0.4231 0.8371 0.3467 -0.8925 -0.4511 0 0.1564 -0.3095 0.938
		-0.3853 -0.04694 0 0.118 0.947 0 0 0 -0.4231 0.8371 0.3467 -0.8925 -0.4511 0 0.1564 -0.3095 0.938
		-0.3853 -0.0838 0.08898 0.0506 0.908 0 0 0 -0.4231 0.8371 0.3467 -0.8925 -0.4511 0 0.1564 -0.3095 0.938
		-0.3782 -0.08125 0.09152 0.0458 0.912 0 0 0 -0.4231 0.3467 0.8371 -0.07266 -0.9339 0.3501 0.9032 0.0873 0.4203
		-0.3853 -0.1728 0.1258 0.0148 0.838 0 0 0 -0.4231 0.3467 0.8371 -0.07266 -0.9339 0.3501 0.9032 0.0873 0.4203
		-0.3782 -0.1728 0.1294 0.00842 0.839 0 0 0 -0.4231 0.3467 0.8371 -0.07266 -0.9339 0.3501 0.9032 0.0873 0.4203
		-0.3782 -0.08125 0.09152 0.0458 0.912 0 0 0 -0.4231 0.3467 0.8371 -0.8925 -0.319 -0.3189 0.1565 -0.882 0.4444
		-0.3853 -0.0838 0.08898 0.0506 0.908 0 0 0 -0.4231 0.3467 0.8371 -0.8925 -0.319 -0.3189 0.1565 -0.882 0.4444
		-0.3853 -0.1728 0.1258 0.0148 0.838 0 0 0 -0.4231 0.3467 0.8371 -0.8925 -0.319 -0.3189 0.1565 -0.882 0.4444
		-0.3782 -0.1728 0.1294 0.00842 0.839 0 0 0 -0.4231 -0.3467 0.8371 -0.07266 -0.9079 -0.4128 0.9032 -0.2355 0.3589
		-0.3853 -0.2618 0.08898 0.0225 0.76 0 0 0 -0.4231 -0.3467 0.8371 -0.07266 -0.9079 -0.4128 0.9032 -0.2355 0.3589
		-0.3782 -0.2643 0.09152 0.0165 0.758 0 0 0 -0.4231 -0.3467 0.8371 -0.07266 -0.9079 -0.4128 0.9032 -0.2355 0.3589
		-0.3782 -0.1728 0.1294 0.00842 0.839 0 0 0 -0.4231 -0.3467 0.8371 -0.8925 0 -0.4511 0.1564 -0.938 -0.3095
		-0.3853 -0.1728 0.1258 0.0148 0.838 0 0 0 -0.4231 -0.3467 0.8371 -0.8925 0 -0.4511 0.1564 -0.938 -0.3095
		-0.3853 -0.2618 0.08898 0.0225 0.76 0 0 0 -0.4231 -0.3467 0.8371 -0.8925 0 -0.4511 0.1564 -0.938 -0.3095
		-0.3782 -0.2643 0.09152 0.0165 0.758 0 0 0 -0.4231 -0.8371 0.3467 -0.07266 -0.3501 -0.9339 0.9032 -0.4203 0.0873
		-0.3853 -0.2986 0 0.0713 0.699 0 0 0 -0.4231 -0.8371 0.3467 -0.07266 -0.3501 -0.9339 0.9032 -0.4203 0.0873
		-0.3782 -0.3022 0 0.0675 0.693 0 0 0 -0.4231 -0.8371 0.3467 -0.07266 -0.3501 -0.9339 0.9032 -0.4203 0.0873
		-0.3782 -0.2643 0.09152 0.0165 0.758 0 0 0 -0.4231 -0.8371 0.3467 -0.8925 0.319 -0.3189 0.1563 -0.4444 -0.8821
		-0.3853 -0.2618 0.08898 0.0225 0.76 0 0 0 -0.4231 -0.8371 0.3467 -0.8925 0.319 -0.3189 0.1563 -0.4444 -0.8821
		-0.3853 -0.2986 0 0.0713 0.699 0 0 0 -0.4231 -0.8371 0.3467 -0.8925 0.319 -0.3189 0.1563 -0.4444 -0.8821
		-0.3782 -0.3022 0 0.0675 0.693 0 0 0 -0.4231 -0.8371 -0.3467 -0.07266 0.4128 -0.9079 0.9032 -0.3589 -0.2355
		-0.3853 -0.2618 -0.08898 0.146 0.673 0 0 0 -0.4231 -0.8371 -0.3467 -0.07266 0.4128 -0.9079 0.9032 -0.3589 -0.2355
		-0.3782 -0.2643 -0.09152 0.145 0.667 0 0 0 -0.4231 -0.8371 -0.3467 -0.07266 0.4128 -0.9079 0.9032 -0.3589 -0.2355
		-0.3782 -0.3022 0 0.0675 0.693 0 0 0 -0.4231 -0.8371 -0.3467 -0.8925 0.4511 0 0.1564 0.3095 -0.938
		-0.3853 -0.2986 0 0.0713 0.699 0 0 0 -0.4231 -0.8371 -0.3467 -0.8925 0.4511 0 0.1564 0.3095 -0.938
		-0.3853 -0.2618 -0.08898 0.146 0.673 0 0 0 -0.4231 -0.8371 -0.3467 -0.8925 0.4511 0 0.1564 0.3095 -0.938
		-0.3853 -0.2618 -0.08898 0.146 0.673 0 0 0 -0.7123 -0.2686 -0.6484 -0.6633 0.5596 0.4968 0.2294 0.784 -0.5768
		-0.4907 -0.1728 -0.009984 0.157 0.803 0 0 0 -0.7129 -0.2684 -0.6479 -0.6627 0.5598 0.4973 0.2294 0.784 -0.5768
		-0.3853 -0.1728 -0.1258 0.222 0.692 0 0 0 -0.7123 -0.2686 -0.6484 -0.6633 0.5596 0.4968 0.2294 0.784 -0.5768
		-0.3853 -0.2618 -0.08898 0.146 0.673 0 0 0 -0.7123 -0.2686 -0.6484 -0.6732 0.5229 0.5229 0.1986 0.809 -0.5533
		-0.4907 -0.1798 -0.00706 0.151 0.801 0 0 0 -0.7129 -0.2684 -0.6479 -0.6726 0.5231 0.5234 0.1986 0.809 -0.5533
		-0.4907 -0.1728 -0.009984 0.157 0.803 0 0 0 -0.7129 -0.2684 -0.6479 -0.6726 0.5231 0.5234 0.1986 0.809 -0.5533
		-0.3853 -0.1728 -0.1258 0.261 0.898 0 0 0 -0.7123 0.2686 -0.6484 -0.6633 0.0444 0.7471 0.2294 0.9622 0.1465
		-0.4907 -0.1657 -0.00706 0.155 0.822 0 0 0 -0.7129 0.2684 -0.6479 -0.6627 0.0442 0.7475 0.2294 0.9622 0.1465
		-0.3853 -0.0838 -0.08898 0.197 0.944 0 0 0 -0.7123 0.2686 -0.6484 -0.6633 0.0444 0.7471 0.2294 0.9622 0.1465
		-0.3853 -0.1728 -0.1258 0.261 0.898 0 0 0 -0.7123 0.2686 -0.6484 -0.6732 0 0.7395 0.1986 0.9633 0.1808
		-0.4907 -0.1728 -0.009984 0.16 0.819 0 0 0 -0.7129 0.2684 -0.6479 -0.6726 -0.0002029 0.74 0.1986 0.9633 0.1808
		-0.4907 -0.1657 -0.00706 0.155 0.822 0 0 0 -0.7129 0.2684 -0.6479 -0.6726 -0.0002029 0.74 0.1986 0.9633 0.1808
		-0.3853 -0.0838 -0.08898 0.197 0.944 0 0 0 -0.7123 0.6484 -0.2686 -0.6633 -0.4968 0.5596 0.2294 0.5768 0.784
		-0.4907 -0.1628 0 0.149 0.823 0 0 0 -0.7129 0.6479 -0.2684 -0.6627 -0.4973 0.5598 0.2294 0.5768 0.784
		-0.3853 -0.04694 0 0.118 0.947 0 0 0 -0.7123 0.6484 -0.2686 -0.6633 -0.4968 0.5596 0.2294 0.5768 0.784
		-0.3853 -0.0838 -0.08898 0.197 0.944 0 0 0 -0.7123 0.6484 -0.2686 -0.6732 -0.5229 0.5229 0.1986 0.5533 0.809
		-0.4907 -0.1657 -0.00706 0.155 0.822 0 0 0 -0.7129 0.6479 -0.2684 -0.6726 -0.5234 0.5231 0.1986 0.5533 0.809
		-0.4907 -0.1628 0 0.149 0.823 0 0 0 -0.7129 0.6479 -0.2684 -0.6726 -0.5234 0.5231 0.1986 0.5533 0.809
		-0.3853 -0.04694 0 0.118 0.947 0 0 0 -0.7123 0.6484 0.2686 -0.6633 -0.7471 0.04441 0.2294 -0.1465 0.9622
		-0.4907 -0.1657 0.00706 0.143 0.82 0 0 0 -0.7129 0.6479 0.2684 -0.6627 -0.7475 0.04421 0.2294 -0.1465 0.9622
		-0.3853 -0.0838 0.08898 0.0506 0.908 0 0 0 -0.7123 0.6484 0.2686 -0.6633 -0.7471 0.04441 0.2294 -0.1465 0.9622
		-0.3853 -0.04694 0 0.118 0.947 0 0 0 -0.7123 0.6484 0.2686 -0.6732 -0.7395 0 0.1986 -0.1808 0.9633
		-0.4907 -0.1628 0 0.149 0.823 0 0 0 -0.7129 0.6479 0.2684 -0.6726 -0.74 -0.0002031 0.1986 -0.1808 0.9633
		-0.4907 -0.1657 0.00706 0.143 0.82 0 0 0 -0.7129 0.6479 0.2684 -0.6726 -0.74 -0.0002031 0.1986 -0.1808 0.9633
		-0.3853 -0.0838 0.08898 0.0506 0.908 0 0 0 -0.7123 0.2686 0.6484 -0.6633 -0.5596 -0.4968 0.2294 -0.784 0.5768
		-0.4907 -0.1728 0.009984 0.14 0.814 0 0 0 -0.7129 0.2684 0.6479 -0.6627 -0.5598 -0.4973 0.2294 -0.784 0.5768
		-0.3853 -0.1728 0.1258 0.0148 0.838 0 0 0 -0.7123 0.2686 0.6484 -0.6633 -0.5596 -0.4968 0.2294 -0.784 0.5768
		-0.3853 -0.0838 0.08898 0.0506 0.908 0 0 0 -0.7123 0.2686 0.6484 -0.6732 -0.5229 -0.5229 0.1986 -0.809 0.5533
		-0.4907 -0.1657 0.00706 0.143 0.82 0 0 0 -0.7129 0.2684 0.6479 -0.6726 -0.5231 -0.5234 0.1986 -0.809 0.5533
		-0.4907 -0.1728 0.009984 0.14 0.814 0 0 0 -0.7129 0.2684 0.6479 -0.6726 -0.5231 -0.5234 0.1986 -0.809 0.5533
		-0.3853 -0.1728 0.1258 0.0148 0.838 0 0 0 -0.7123 -0.2686 0.6484 -0.6633 -0.04441 -0.7471 0.2294 -0.9622 -0.1465
		-0.4907 -0.1798 0.00706 0.141 0.808 0 0 0 -0.7129 -0.2684 0.6479 -0.6627 -0.04421 -0.7475 0.2294 -0.9622 -0.1465
		-0.3853 -0.2618 0.08898 0.0225 0.76 0 0 0 -0.7123 -0.2686 0.6484 -0.6633 -0.04441 -0.7471 0.2294 -0.9622 -0.1465
		-0.3853 -0.1728 0.1258 0.0148 0.838 0 0 0 -0.7123 -0.2686 0.6484 -0.6732 0 -0.7395 0.1986 -0.9633 -0.1808
		-0.4907 -0.1728 0.009984 0.14 0.814 0 0 0 -0.7129 -0.2684 0.6479 -0.6726 0.0002029 -0.74 0.1986 -0.9633 -0.1808
		-0.4907 -0.1798 0.00706 0.141 0.808 0 0 0 -0.7129 -0.2684 0.6479 -0.6726 0.0002029 -0.74 0.1986 -0.9633 -0.1808
		-0.3853 -0.2618 0.08898 0.0225 0.76 0 0 0 -0.7123 -0.6484 0.2686 -0.6633 0.4968 -0.5596 0.2294 -0.5768 -0.784
		-0.4907 -0.1828 0 0.145 0.803 0 0 0 -0.7129 -0.6479 0.2684 -0.6627 0.4973 -0.5598 0.2294 -0.5768 -0.784
		-0.3853 -0.2986 0 0.0713 0.699 0 0 0 -0.7123 -0.6484 0.2686 -0.6633 0.4968 -0.5596 0.2294 -0.5768 -0.784
		-0.3853 -0.2618 0.08898 0.0225 0.76 0 0 0 -0.7123 -0.6484 0.2686 -0.6732 0.5229 -0.5229 0.1986 -0.5533 -0.809
		-0.4907 -0.1798 0.00706 0.141 0.808 0 0 0 -0.7129 -0.6479 0.2684 -0.6726 0.5234 -0.5231 0.1986 -0.5533 -0.809
		-0.4907 -0.1828 0 0.145 0.803 0 0 0 -0.7129 -0.6479 0.2684 -0.6726 0.5234 -0.5231 0.1986 -0.5533 -0.809
		-0.3853 -0.2986 0 0.0713 0.699 0 0 0 -0.7123 -0.6484 -0.2686 -0.6633 0.7471 -0.04441 0.2294 0.1465 -0.9622
		-0.4907 -0.1798 -0.00706 0.151 0.801 0 0 0 -0.7129 -0.6479 -0.2684 -0.6627 0.7475 -0.04421 0.2294 0.1465 -0.9622
		-0.3853 -0.2618 -0.08898 0.146 0.673 0 0 0 -0.7123 -0.6484 -0.2686 -0.6633 0.7471 -0.04441 0.2294 0.1465 -0.9622
		-0.3853 -0.2986 0 0.0713 0.699 0 0 0 -0.7123 -0.6484 -0.2686 -0.6732 0.7395 0 0.1986 0.1808 -0.9633
		-0.4907 -0.1828 0 0.145 0.803 0 0 0 -0.7129 -0.6479 -0.2684 -0.6726 0.74 0.000202 0.1986 0.1808 -0.9633
		-0.4907 -0.1798 -0.00706 0.151 0.801 0 0 0 -0.7129 -0.6479 -0.2684 -0.6726 0.74 0.000202 0.1986 0.1808 -0.9633
		-0.4907 -0.1798 -0.00706 0.151 0.801 0 0 0 -0.7129 -0.2684 -0.6479 -0.6593 0.5713 0.4888 0.239 0.7756 -0.5842
		-0.4964 -0.1728 0 0.151 0.812 0 0 0 -0.8526 -0.2 -0.4828 -0.4927 0.6153 0.6153 0.239 0.7756 -0.5842
		-0.4907 -0.1728 -0.009984 0.157 0.803 0 0 0 -0.7129 -0.2684 -0.6479 -0.6593 0.5713 0.4888 0.239 0.7756 -0.5842
		-0.4907 -0.1728 -0.009984 0.16 0.819 0 0 0 -0.7129 0.2684 -0.6479 -0.6593 0.05836 0.7496 0.239 0.9615 0.1353
		-0.4964 -0.1728 0 0.151 0.812 0 0 0 -0.8526 0.2 -0.4828 -0.4927 0 0.8702 0.239 0.9615 0.1353
		-0.4907 -0.1657 -0.00706 0.155 0.822 0 0 0 -0.7129 0.2684 -0.6479 -0.6593 0.05836 0.7496 0.239 0.9615 0.1353
		-0.4907 -0.1657 -0.00706 0.155 0.822 0 0 0 -0.7129 0.6479 -0.2684 -0.6593 -0.4888 0.5714 0.239 0.5842 0.7756
		-0.4964 -0.1728 0 0.151 0.812 0 0 0 -0.8526 0.4828 -0.2 -0.4927 -0.6153 0.6154 0.239 0.5842 0.7756
		-0.4907 -0.1628 0 0.149 0.823 0 0 0 -0.7129 0.6479 -0.2684 -0.6593 -0.4888 0.5714 0.239 0.5842 0.7756
		-0.4907 -0.1628 0 0.149 0.823 0 0 0 -0.7129 0.6479 0.2684 -0.6593 -0.7496 0.05835 0.239 -0.1353 0.9615
		-0.4964 -0.1728 0 0.151 0.812 0 0 0 -0.8526 0.4828 0.2 -0.4927 -0.8702 0 0.239 -0.1353 0.9615
		-0.4907 -0.1657 0.00706 0.143 0.82 0 0 0 -0.7129 0.6479 0.2684 -0.6593 -0.7496 0.05835 0.239 -0.1353 0.9615
		-0.4907 -0.1657 0.00706 0.143 0.82 0 0 0 -0.7129 0.2684 0.6479 -0.6593 -0.5713 -0.4888 0.2389 -0.7757 0.5842
		-0.4964 -0.1728 0 0.151 0.812 0 0 0 -0.8526 0.2 0.4828 -0.4927 -0.6153 -0.6154 0.2389 -0.7757 0.5842
		-0.4907 -0.1728 0.009984 0.14 0.814 0 0 0 -0.7129 0.2684 0.6479 -0.6593 -0.5713 -0.4888 0.2389 -0.7757 0.5842
		-0.4907 -0.1728 0.009984 0.14 0.814 0 0 0 -0.7129 -0.2684 0.6479 -0.6593 -0.05836 -0.7496 0.239 -0.9615 -0.1353
		-0.4964 -0.1728 0 0.151 0.812 0 0 0 -0.8526 -0.2 0.4828 -0.4927 0 -0.8702 0.239 -0.9615 -0.1353
		-0.4907 -0.1798 0.00706 0.141 0.808 0 0 0 -0.7129 -0.2684 0.6479 -0.6593 -0.05836 -0.7496 0.239 -0.9615 -0.1353
		-0.4907 -0.1798 0.00706 0.141 0.808 0 0 0 -0.7129 -0.6479 0.2684 -0.6593 0.4888 -0.5713 0.239 -0.5842 -0.7756
		-0.4964 -0.1728 0 0.151 0.812 0 0 0 -0.8526 -0.4828 0.2 -0.4927 0.6153 -0.6153 0.239 -0.5842 -0.7756
		-0.4907 -0.1828 0 0.145 0.803 0 0 0 -0.7129 -0.6479 0.2684 -0.6593 0.4888 -0.5713 0.239 -0.5842 -0.7756
		-0.4907 -0.1828 0 0.145 0.803 0 0 0 -0.7129 -0.6479 -0.2684 -0.6593 0.7496 -0.05835 0.239 0.1353 -0.9615
		-0.4964 -0.1728 0 0.151 0.812 0 0 0 -0.8526 -0.4828 -0.2 -0.4927 0.8702 0 0.239 0.1353 -0.9615
		-0.4907 -0.1798 -0.00706 0.151 0.801 0 0 0 -0.7129 -0.6479 -0.2684 -0.6593 0.7496 -0.05835 0.239 0.1353 -0.9615
		-0.4287 0.01673 -0.09152 0.145 0.667 0 0 0 -0.4231 -0.3467 -0.8371 -0.07266 0.9339 -0.3501 0.9032 -0.0873 -0.4203
		-0.4358 0.1082 -0.1258 0.222 0.692 0 0 0 -0.4231 -0.3467 -0.8371 -0.07266 0.9339 -0.3501 0.9032 -0.0873 -0.4203
		-0.4287 0.1082 -0.1294 0.225 0.686 0 0 0 -0.4231 -0.3467 -0.8371 -0.07266 0.9339 -0.3501 0.9032 -0.0873 -0.4203
		-0.4287 0.01673 -0.09152 0.145 0.667 0 0 0 -0.4231 -0.3467 -0.8371 -0.8925 0.3189 0.319 0.1564 0.8821 -0.4444
		-0.4358 0.01927 -0.08898 0.146 0.673 0 0 0 -0.4231 -0.3467 -0.8371 -0.8925 0.3189 0.319 0.1564 0.8821 -0.4444
		-0.4358 0.1082 -0.1258 0.222 0.692 0 0 0 -0.4231 -0.3467 -0.8371 -0.8925 0.3189 0.319 0.1564 0.8821 -0.4444
		-0.4287 0.1082 -0.1294 0.266 0.903 0 0 0 -0.4231 0.3467 -0.8371 -0.07266 0.9079 0.4128 0.9032 0.2355 -0.3589
		-0.4358 0.1972 -0.08898 0.197 0.944 0 0 0 -0.4231 0.3467 -0.8371 -0.07266 0.9079 0.4128 0.9032 0.2355 -0.3589
		-0.4287 0.1998 -0.09152 0.199 0.95 0 0 0 -0.4231 0.3467 -0.8371 -0.07266 0.9079 0.4128 0.9032 0.2355 -0.3589
		-0.4287 0.1082 -0.1294 0.266 0.903 0 0 0 -0.4231 0.3467 -0.8371 -0.8925 0 0.4511 0.1564 0.938 0.3095
		-0.4358 0.1082 -0.1258 0.261 0.898 0 0 0 -0.4231 0.3467 -0.8371 -0.8925 0 0.4511 0.1564 0.938 0.3095
		-0.4358 0.1972 -0.08898 0.197 0.944 0 0 0 -0.4231 0.3467 -0.8371 -0.8925 0 0.4511 0.1564 0.938 0.3095
		-0.4287 0.1998 -0.09152 0.199 0.95 0 0 0 -0.4231 0.8371 -0.3467 -0.07266 0.3501 0.9339 0.9032 0.4203 -0.0873
		-0.4358 0.2341 0 0.118 0.947 0 0 0 -0.4231 0.8371 -0.3467 -0.07266 0.3501 0.9339 0.9032 0.4203 -0.0873
		-0.4287 0.2377 0 0.117 0.954 0 0 0 -0.4231 0.8371 -0.3467 -0.07266 0.3501 0.9339 0.9032 0.4203 -0.0873
		-0.4287 0.1998 -0.09152 0.199 0.95 0 0 0 -0.4231 0.8371 -0.3467 -0.8925 -0.319 0.3189 0.1563 0.4444 0.8821
		-0.4358 0.1972 -0.08898 0.197 0.944 0 0 0 -0.4231 0.8371 -0.3467 -0.8925 -0.319 0.3189 0.1563 0.4444 0.8821
		-0.4358 0.2341 0 0.118 0.947 0 0 0 -0.4231 0.8371 -0.3467 -0.8925 -0.319 0.3189 0.1563 0.4444 0.8821
		-0.4287 0.2377 0 0.117 0.954 0 0 0 -0.4231 0.8371 0.3467 -0.07266 -0.4128 0.9079 0.9032 0.3589 0.2355
		-0.4358 0.1972 0.08898 0.0506 0.908 0 0 0 -0.4231 0.8371 0.3467 -0.07266 -0.4128 0.9079 0.9032 0.3589 0.2355
		-0.4287 0.1998 0.09152 0.0458 0.912 0 0 0 -0.4231 0.8371 0.3467 -0.07266 -0.4128 0.9079 0.9032 0.3589 0.2355
		-0.4287 0.2377 0 0.117 0.954 0 0 0 -0.4231 0.8371 0.3467 -0.8925 -0.4511 0 0.1564 -0.3095 0.938
		-0.4358 0.2341 0 0.118 0.947 0 0 0 -0.4231 0.8371 0.3467 -0.8925 -0.4511 0 0.1564 -0.3095 0.938
		-0.4358 0.1972 0.08898 0.0506 0.908 0 0 0 -0.4231 0.8371 0.3467 -0.8925 -0.4511 0 0.1564 -0.3095 0.938
		-0.4287 0.1998 0.09152 0.0458 0.912 0 0 0 -0.4231 0.3467 0.8371 -0.07266 -0.9339 0.3501 0.9032 0.0873 0.4203
		-0.4358 0.1082 0.1258 0.0148 0.838 0 0 0 -0.4231 0.3467 0.8371 -0.07266 -0.9339 0.3501 0.9032 0.0873 0.4203
		-0.4287 0.1082 0.1294 0.00842 0.839 0 0 0 -0.4231 0.3467 0.8371 -0.07266 -0.9339 0.3501 0.9032 0.0873 0.4203
		-0.4287 0.1998 0.09152 0.0458 0.912 0 0 0 -0.4231 0.3467 0.8371 -0.8925 -0.319 -0.3189 0.1565 -0.882 0.4444
		-0.4358 0.1972 0.08898 0.0506 0.908 0 0 0 -0.4231 0.3467 0.8371 -0.8925 -0.319 -0.3189 0.1565 -0.882 0.4444
		-0.4358 0.1082 0.1258 0.0148 0.838 0 0 0 -0.4231 0.3467 0.8371 -0.8925 -0.319 -0.3189 0.1565 -0.882 0.4444
		-0.4287 0.1082 0.1294 0.00842 0.839 0 0 0 -0.4231 -0.3467 0.8371 -0.07266 -0.9079 -0.4128 0.9032 -0.2355 0.3589
		-0.4358 0.01927 0.08898 0.0225 0.76 0 0 0 -0.4231 -0.3467 0.8371 -0.07266 -0.9079 -0.4128 0.9032 -0.2355 0.3589
		-0.4287 0.01673 0.09152 0.0165 0.758 0 0 0 -0.4231 -0.3467 0.8371 -0.07266 -0.9079 -0.4128 0.9032 -0.2355 0.3589
		-0.4287 0.1082 0.1294 0.00842 0.839 0 0 0 -0.4231 -0.3467 0.8371 -0.8925 0 -0.4511 0.1564 -0.938 -0.3095
		-0.4358 0.1082 0.1258 0.0148 0.838 0 0 0 -0.4231 -0.3467 0.8371 -0.8925 0 -0.4511 0.1564 -0.938 -0.3095
		-0.4358 0.01927 0.08898 0.0225 0.76 0 0 0 -0.4231 -0.3467 0.8371 -0.8925 0 -0.4511 0.1564 -0.938 -0.3095
		-0.4287 0.01673 0.09152 0.0165 0.758 0 0 0 -0.4231 -0.8371 0.3467 -0.07266 -0.3501 -0.9339 0.9032 -0.4203 0.0873
		-0.4358 -0.01758 0 0.0713 0.699 0 0 0 -0.4231 -0.8371 0.3467 -0.07266 -0.3501 -0.9339 0.9032 -0.4203 0.0873
		-0.4287 -0.02118 0 0.0675 0.693 0 0 0 -0.4231 -0.8371 0.3467 -0.07266 -0.3501 -0.9339 0.9032 -0.4203 0.0873
		-0.4287 0.01673 0.09152 0.0165 0.758 0 0 0 -0.4231 -0.8371 0.3467 -0.8925 0.319 -0.3189 0.1564 -0.4444 -0.8821
		-0.4358 0.01927 0.08898 0.0225 0.76 0 0 0 -0.4231 -0.8371 0.3467 -0.8925 0.319 -0.3189 0.1564 -0.4444 -0.8821
		-0.4358 -0.01758 0 0.0713 0.699 0 0 0 -0.4231 -0.8371 0.3467 -0.8925 0.319 -0.3189 0.1564 -0.4444 -0.8821
		-0.4287 -0.02118 0 0.0675 0.693 0 0 0 -0.4231 -0.8371 -0.3467 -0.07266 0.4128 -0.9079 0.9032 -0.3589 -0.2355
		-0.4358 0.01927 -0.08898 0.146 0.673 0 0 0 -0.4231 -0.8371 -0.3467 -0.07266 0.4128 -0.9079 0.9032 -0.3589 -0.2355
		-0.4287 0.01673 -0.09152 0.145 0.667 0 0 0 -0.4231 -0.8371 -0.3467 -0.07266 0.4128 -0.9079 0.9032 -0.3589 -0.2355
		-0.4287 -0.02118 0 0.0675 0.693 0 0 0 -0.4231 -0.8371 -0.3467 -0.8925 0.4511 0 0.1564 0.3095 -0.938
		-0.4358 -0.01758 0 0.0713 0.699 0 0 0 -0.4231 -0.8371 -0.3467 -0.8925 0.4511 0 0.1564 0.3095 -0.938
		-0.4358 0.01927 -0.08898 0.146 0.673 0 0 0 -0.4231 -0.8371 -0.3467 -0.8925 0.4511 0 0.1564 0.3095 -0.938
		-0.4358 0.01927 -0.08898 0.146 0.673 0 0 0 -0.7123 -0.2686 -0.6484 -0.6633 0.5596 0.4968 0.2294 0.784 -0.5768
		-0.5412 0.1082 -0.009984 0.157 0.803 0 0 0 -0.7129 -0.2684 -0.6479 -0.6627 0.5598 0.4973 0.2294 0.784 -0.5768
		-0.4358 0.1082 -0.1258 0.222 0.692 0 0 0 -0.7123 -0.2686 -0.6484 -0.6633 0.5596 0.4968 0.2294 0.784 -0.5768
		-0.4358 0.01927 -0.08898 0.146 0.673 0 0 0 -0.7123 -0.2686 -0.6484 -0.6732 0.5229 0.5229 0.1986 0.809 -0.5533
		-0.5412 0.1012 -0.00706 0.151 0.801 0 0 0 -0.7129 -0.2684 -0.6479 -0.6726 0.5231 0.5234 0.1986 0.809 -0.5533
		-0.5412 0.1082 -0.009984 0.157 0.803 0 0 0 -0.7129 -0.2684 -0.6479 -0.6726 0.5231 0.5234 0.1986 0.809 -0.5533
		-0.4358 0.1082 -0.1258 0.261 0.898 0 0 0 -0.7123 0.2686 -0.6484 -0.6633 0.04441 0.7471 0.2294 0.9622 0.1465
		-0.5412 0.1153 -0.00706 0.155 0.822 0 0 0 -0.7129 0.2684 -0.6479 -0.6627 0.04421 0.7475 0.2294 0.9622 0.1465
		-0.4358 0.1972 -0.08898 0.197 0.944 0 0 0 -0.7123 0.2686 -0.6484 -0.6633 0.04441 0.7471 0.2294 0.9622 0.1465
		-0.4358 0.1082 -0.1258 0.261 0.898 0 0 0 -0.7123 0.2686 -0.6484 -0.6732 0 0.7395 0.1986 0.9633 0.1808
		-0.5412 0.1082 -0.009984 0.16 0.819 0 0 0 -0.7129 0.2684 -0.6479 -0.6726 -0.0002029 0.74 0.1986 0.9633 0.1808
		-0.5412 0.1153 -0.00706 0.155 0.822 0 0 0 -0.7129 0.2684 -0.6479 -0.6726 -0.0002029 0.74 0.1986 0.9633 0.1808
		-0.4358 0.1972 -0.08898 0.197 0.944 0 0 0 -0.7123 0.6484 -0.2686 -0.6633 -0.4968 0.5596 0.2294 0.5768 0.784
		-0.5412 0.1182 0 0.149 0.823 0 0 0 -0.7129 0.6479 -0.2684 -0.6627 -0.4973 0.5598 0.2294 0.5768 0.784
		-0.4358 0.2341 0 0.118 0.947 0 0 0 -0.7123 0.6484 -0.2686 -0.6633 -0.4968 0.5596 0.2294 0.5768 0.784
		-0.4358 0.1972 -0.08898 0.197 0.944 0 0 0 -0.7123 0.6484 -0.2686 -0.6732 -0.5229 0.5229 0.1986 0.5533 0.809
		-0.5412 0.1153 -0.00706 0.155 0.822 0 0 0 -0.7129 0.6479 -0.2684 -0.6726 -0.5234 0.5231 0.1986 0.5533 0.809
		-0.5412 0.1182 0 0.149 0.823 0 0 0 -0.7129 0.6479 -0.2684 -0.6726 -0.5234 0.5231 0.1986 0.5533 0.809
		-0.4358 0.2341 0 0.118 0.947 0 0 0 -0.7123 0.6484 0.2686 -0.6633 -0.7471 0.04441 0.2294 -0.1465 0.9622
		-0.5412 0.1153 0.00706 0.143 0.82 0 0 0 -0.7129 0.6479 0.2684 -0.6627 -0.7475 0.04421 0.2294 -0.1465 0.9622
		-0.4358 0.1972 0.08898 0.0506 0.908 0 0 0 -0.7123 0.6484 0.2686 -0.6633 -0.7471 0.04441 0.2294 -0.1465 0.9622
		-0.4358 0.2341 0 0.118 0.947 0 0 0 -0.7123 0.6484 0.2686 -0.6732 -0.7395 0 0.1986 -0.1808 0.9633
		-0.5412 0.1182 0 0.149 0.823 0 0 0 -0.7129 0.6479 0.2684 -0.6726 -0.74 -0.0002031 0.1986 -0.1808 0.9633
		-0.5412 0.1153 0.00706 0.143 0.82 0 0 0 -0.7129 0.6479 0.2684 -0.6726 -0.74 -0.0002031 0.1986 -0.1808 0.9633
		-0.4358 0.1972 0.08898 0.0506 0.908 0 0 0 -0.7123 0.2686 0.6484 -0.6633 -0.5596 -0.4968 0.2294 -0.784 0.5768
